Title: Completeness of reporting of clinical prediction models developed using supervised machine learning: a systematic review

Year: 2022

Authors: Constanza L Andaur Navarro, Johanna AA Damen, Toshihiko Takada, Steven WJ Nijman, Paula Dhiman, Jie Ma, Gary S Collins, Ram Bajpai, Richard D Riley, Karel GM Moons, Lotty Hooft

pmid:
31013836
31411330
29492659
29576689
31170692
30167952
30065866
28600259
30802866
31751471
30104757
31076576
29272783
30714197
31319810
30071092
28875555
31426138
29728172
30701084
30546092
30691040
30195663
31075253
31635792
29672578
31499727
29993769
30801729
31489909
29634599
30887523
30193626
29671781
30130102
30842738
31647509
30043218
29546535
30172478
30176604
29538392
30032846
30098940
29428077
30158977
29133569
29750167
28660725
30921611
30184341
30545401
31744382
29677988
30315179
29079452
29713828
29883734
30624911
31208331
30892120
30298251
30052619
30246342
30902616
31104706
29778673
30926444
31552601
31554919
31681548
31423788
30907986
30342684
29317086
31689276
30405202
29367653
29869423
29352405
29492419
31281119
30847730
29678692
30658466
28913782
30425819
31736062
30527471
29380079
30415126
31621642
30791391
30983786
29641624
30147064
30172751
30693349
30930623
29544783
30205509
30990384
30120591
28741424
31161748
30500667
31427903
28679084
31392079
31077580
31247973
30392340
29202321
30159075
29875312
29876695
31635566
30940197
30672242
31244060
29770244
30794864
30488731
30872560
30294263
29366704
31012547
31423590
29668831
30441231
30787113
30262838
31781968
29494601
29868283
29080139
29208345
31554353
31820115
30879959
30464177
29993591
29883486
30629534
30177685
29902194
30275883
29695084
28980144
31520472
31072100
31821947
31254658
30698536
31212541
29500961
30364191
29588381
31036669
30619277
31508804
31035232
30509692
31524171
29457313
31754175
29662953
30524091
31051022
29860981
31209970
30452445
29756499
30453885
29709691
30458029
30277272
28900792
29298797
31138334
30734487
30180352
30918847
29587628
29923104
29551521
30138366
30289937
31502999
30589269
31708955
31134664
31088548
31445253
31563963
31723607
31437081
31505978
30903686
30545047
29040430
29305182
31443748
30020956
31627316
31520320
29625110
31064677
30420241
31732565
29641376
31765138
30778527
30055118
29969407
29796459
30864310
31645622
31765369
31756495
31816152
31745704
30033741
30803366
30840751
31062297
29679848
30979809
31359454
31806335
31684883
31639603
30248912
30866805
31032402
29394318
31463561
31154786
30210533
31631618
30278050
30242207
29993594
31192359
30068294
30296417
30708191
29470401
29976927
30511225
31569694
30914676
29449509
30060039
31431620
30153294
31326706
31396789
28644714
31204525
31317133
31747623
30586417
30968355
31438611
30201705
30914794
29500022
31706453
29952759
29306712
31642350
30519950
30577835
30254253
29144590
29959123
29977994
31250266
31047860
30741622
30961595
31261723
30908193
30946017
31648206
30170151
31478878
31181717
29424005
30969026
31057571
30953941
29994058
31055752
29529270
30645333
31476880
30144098
29886876
30442777
31407253
28989100
27565705
31198187
30703023
29785121
31349344
31093603
30938082
30245927
29536822
30945215
31433103
29543808
31328221
30926662
31546112
30307467
30529593
30723450
30635908
28941550
30122455
29848556
30048316
30853713
30906515
30695057
28858822
29626517
30781865
31578406
31465824
31248250
31762931
30758663
30237642
29494924
30524026
30121490
31724486
30653684
30321294
30621574
31463424
31112426
29223792
31259040
30764609
29578029
29466818
30669464
30310060
30309677
30958817
31560851
31304395
31575301
30423073
31446317
30420501
30441228
29202263
31778126
31706872
31704731
30907707
29735554
30287787
29548198
30298088
29783980
31824919
31437918
30595163
30528791
29710704
31014026
31488294
29098645
30459116
29451874
30465142
29993787
30840647
31052169
30226297
31225868
31540518
31778355
30114359
30363735
30888519
31146789
29990278
29044618
30391256
30973833
30105762
17379690
31815371
31335259
29680326
30863433
30278666
29993560
31665258
28987827
30822058
30441206
31721800
30439733
29977077
31180001
31323645
30453461
30272325
30238586
31303719
29425732
30951482
30035545
30037283
30626737
29594779
29100480
31025942
30629751
29992392
30907603
30322031
30449497
30138712
30703765
29045053
29053887
31170744
30423863
29398634
29877439
30124622
31338637
29852791
29244202
30890124
31337575
31515074
28726119
31061741
31417747
31510099
30037817
29223583
31725380
31546752
31022588
29624632
31687540
31645203
30637185
30024698
31443019
29341236
30743940
29663417
29993770
31602261
31695723
31742701
30894812
28905657
30316606
30271370
29522023
31475440
30661117
31799873
30018571
29794974
30807090
31316343
31088577
30445611
30056291
30166147
29617371
29343650
29175082
31344790
31373773
31232681
29420626
30225690
29858808
30832283
30473551
29377327
29756028
30126907
30333741
31782096
30847250
29458394
30238196
31561116
30148635
30813386
30064421
30575526
31722368
29708964
30342154
30676959
29253556
30307944
30807975
31452099
31009535
30508678
31508367
30972013
28677268
31019546
30541438
31069066
29891960
28857494
31610714
30818303
29454006
31747254
31258982
31086979
29949975
30285426
30415632
30066662
30098525
30944334
29867424
30544010
29397728
30629529
29883389
31451742
30441464
30398430
31005538
30628631
30440340
31270387
29793369
31125464
28543953
30387490
30251665
29956972
31528785
31608019
31438542
29966284
27707805
31791786
31065006
29487307
31277823
30665102
31288867
31008664
31202930
31633071
31064950
30333746
31675984
30818113
30061390
31606554
31569908
30420140
30086409
31798779
31245795
31578568
29765477
30927560
31071411
31705494
29603278
31751639
30563328
30564269
29470170
30659538
30587171
30232350
30588501
29775325
30091857
30448251
29698784
30226815
31537815
29378522
31762537
29857572
31543642
29601516
30274270
30498017
31687281
31745191
28983851
29702690
30446646
31729414
30680110
30395171
30416382
30115111
31534681
31549943
31092841
30136933
31749285
30066654
30792832
29105259
31330239
29684840
30761387
30412667
31450546
29718113
30635558
30932165
30149700
31217347
30339708
31222530
29994549
31076354
29451862
31554689
31007312
29547921
29473126
29251726
29326079
30802402
31499101
29993269
30615554
30180839
29136138
31725847
30002402
29577849
31066578
30699950
31182019
31586373
31717809
30220822
29789513
31599631
30067735
30633445
31325721
31702163
31774875
31439907
29912875
29271017
31175308
30892723
29467600
30744717
31560848
30371391
29861441
31617156
30891185
31232548
31574811
30064478
29444705
29629251
30089110
29459634
31118317
29477429
30573923
30342683
30342392
31491958
31320657
29951004
30549291
31414853
29562134
30804846
29726428
30987609
30458951
31415885
29996527
30251360
31203024
30880077
30125048
30216380
30460166
29554887
31486674
30040892
29998144
30428932
29436230
31538566
30790670
30602393
31095746
30958352
29257283
30113871
30430686
29677181
30340214
30832671
31285478
31288342
29736090
31537760
30889895
30561314
31555157
31505879
30430548
30780238
29572199
30794516
29404226
30902973
31162468
30952689
29323468
29045694
29912918
30931473
29344049
30441170
29337263
29538103
29707188
30453451
30295720
29678094
30214477
31692450
30506295
30335518
30461437
30642173
30767172
28762605
30385041
30223225
30034509
30439697
30755513
30703648
29879881
30654799
30829276
29854118
29323205
30584726
30223781
30548221
31779353
29446644
29218910
29912887
30968112
30098123
31193319
29398782
30014577
31104739
28494618
29367681
31214144
31262005
29340286
30268481
30189639
31368149
28905236
30011593
31115055
30988650
29496630
28894927
30372161
29096993
31330605
31266445
29483585
29994377
31003547
31682586
30474115
30050405
30527129
31135500
29463264
29994341
30018733
31199670
31698167
29377059
30441082
29095571
31247819
31017533
30453455
31352356
31713376
28394033
28905640
30787319
30642479
31122379
29381444
29500879
29993940
30707555
29266516
31514866
30261046
28735766
31291163
29801384
31176951
31283512
29994567
29561777
31358421
30360607
31326663
31194654
31533446
29330762
31121052
31795498
29383359
31537558
30975632
30343811
31610776
31257314
30402214
30978378
31398134
31102789
29527161
29941380
30692950
31438204
31547320
30669527
30586437
30142125
29461514
29230910
29926746
30463545
29794340
29881112
31714992
31160830
30792942
28495372
31621332
28741335
29716630
31210622
29202265
30281504
30999450
30382537
31543457
30387753
31698160
29937740
30593002
30405169
31602041
30292546
31143306
30918467
31254087
31236042
30314068
30845959
30381826
30718979
30998478
31145734
30864033
31566986
30199682
30554162
30817698
30767907
31508242
31013000
30866737
31701422
29068761
29862531
30945219
29490059
31816548
30239616
31805487
31430304
30067721
30334214
30737436
31093042
31140863
31050526
30871457
29559890
30941054
31404402
30959877
29642638
28333651
29426855
31547342
29775912
31567100
31193164
31326384
31205975
30722803
31813491
31238897
28359602
30535359
29897318
31150950
31579396
31535956
31608380
29760051
31187399
30829763
29978853
28424959
31060214
30223535
30441546
29993489
31110642
31083925
30032063
30849954
29610076
29643545
29364849
30094994
29482149
31167504
30830339
29594496
29649472
29241664
28717971
30195426
28892858
29772725
30851853
31498788
31603184
29994572
31295408
31295129
30599513
29738247
30503445
30238169
30947282
29960180
31690020
31025681
30758301
29888089
31568512
29710628
31094361
30318331
30558868
29300432
30171033
29615005
30172644
30124479
30297275
29251172
30374953
30048717
29890954
31619977
29360875
31312416
29921920
31712550
31271110
31313344
28982688
29257923
30142158
30286077
30795499
31112417
30814403
30376532
30626599
30174140
29790177
30160978
30686310
29229144
31428687
30659449
31319951
30082327
30903692
31526255
30612223
30626381
30225394
29080301
31760323
30682021
31128428
31375433
31673954
30453947
31752222
30621833
31262581
29643160
30911218
28857931
31683069
30901865
31759663
30098002
29536640
29507757
30990486
30831306
31358146
31009509
29398261
30785915
30777059
30923943
29239858
30899064
30028888
29928606
29394255
31009066
30668479
30416381
29631438
30441548
30819212
30131513
29283691
31116384
31735556
29676997
30849111
31126891
30659193
31185292
31255788
31230954
29439692
30086054
31233922
31595034
31598737
29758452
31361174
29256344
29503750
30866913
29680357
29618992
31447073
31803235
31378500
30178143
29994559
30234019
29888877
30969929
29159437
29949366
31201432
31547292
29254443
30648015
31111457
31675927
31653937
30935565
30668518
30205684
29359873
30912802
30933973
29228454
30671196
30741651
29868268
31720385
30578810
31728648
30476830
27424482
30718585
30365750
29968622
28113636
30996684
30012015
31283673
31754628
29199998
31304373
29501087
29434357
31276468
30645629
29486012
30152288
30419537
30688024
29153561
29380342
29391513
30052029
31386888
31329587
30083053
31244127
30412613
31744768
29975876
31208324
30712930
31635378
29787309
31626637
29353160
30380003
30934111
31348505
31603319
29293147
30367598
30652567
31358476
29503208
29720103
31591693
29242356
29659067
30453454
29293494
30598090
29051037
29698083
30181525
31077314
31589649
30261928
29503749
29881759
31292179
31100256
31645420
29792725
29608444
30342681
29110899
31370744
31340753
30577737
31076003
30217060
30272265
31601207
31105737
31669597
31510989
29314829
30674277
30712601
30268931
30307877
30902246
31259038
31089923
30458798
30785888
31724326
31180874
30641879
30862876
29620554
31718638
30817158
30240803
30598068
31560206
31401661
31478106
31486961
31577783
31771119
30139993
31438926
31789556
30956651
30771890
30609816
31433002
29369797
31216304
29529926
30388855
31207482
30667333
31096972
31067228
30483671
31773464
30474291
29439345
28474419
30522594
30803110
30529925
29291269
30767155
30419916
29066576
30367310
31048694
29042219
30581850
30855231
30092446
31330489
31401964
29520455
30213980
31019998
30835839
29197172
29715002
29957040
30842909
31648617
29321645
31159404
31634085
29399642
30730570
31706160
30578441
30597893
31539798
30403578
30794608
29994316
29606521
30285102
31596082
29541058
29377981
28866484
31760493
31170577
31004697
31315139
31718061
30719586
30853355
30004892
31110930
30468317
30507459
31803731
30815095
30507940
29051108
30235811
31435703
31147235
29614708
30582814
30138413
30621646
29554726
29291572
30223267
30698755
31557230
31473809
29268609
31118067
31241012
31259024
29757360
31740120
31671140
29641975
30953528
31550255
31259019
30746555
29431740
30586677
30395642
30733596
29753874
29032233
29769456
31153798
31806534
31121948
29674041
29044810
31596763
30445899
28636482
29455111
29892644
30858865
31118426
31136302
29096123
31784354
31005852
31786416
30016722
30983977
28981432
31176962
31074891
29233921
31635414
30915714
31005587
30856199
29571781
30535347
30871679
30576487
31419934
31518132
31001318
30240032
31547044
31728812
29671405
30519934
31153852
29753683
31320927
30944915
31289492
29897322
31426779
29875788
29376502
30532243
29555443
30024918
31379521
31059539
29929553
31735848
31629933
30948346
30649541
30651285
31336626
30917548
29996241
30675763
31027180
31541145
29341325
29535921
29504897
30933541
29382253
31095377
29884691
30997765
30622786
30346281
30443819
30399432
29897410
30138632
30117796
30150307
30841670
31326571
30081736
29980971
30049707
30565911
31102403
30113285
30412806
29959234
31438086
31757205
31734244
29678058
31551359
31640720
30390016
29886940
31438234
29886266
29547915
30003559
30747059
30577839
30862804
31279629
31761666
30010088
29463941
29071210
29293607
29207300
31426695
31416413
31100252
30202917
31130860
30292279
30948344
29198549
31820240
31729618
28632908
30567479
30327503
30010762
30006563
31390985
31584374
31456817
31074379
31102761
31765305
31579436
31607471
28384841
30040656
30230663
30028714
30892261
31065533
31226778
31731060
29994560
30345565
29445275
28795254
29582934
31531224
30466436
30698081
30670179
29568044
30103106
29316198
31101777
30385576
31074272
31284738
31194675
30939953
31532056
30487457
31364272
30638419
30249176
29986433
30205172
30253210
31003524
30634530
30481462
29674371
30498643
29473970
30857237
30601029
30184195
30996522
31129445
30779668
31180903
30067759
29755505
29626734
30120608
31766738
31715577
29946487
30893791
30496179
30411557
31731290
31200909
30843455
30195424
30137284
29351669
30161166
29775997
31350970
31443916
31438183
31450687
31326804
29867517
30611235
30618447
31111531
31605881
28815374
30821957
29977278
31312252
30459201
28807441
29460209
30639489
29131333
31295126
30091413
30289877
29587375
29960355
31127303
30091592
31107024
31804942
31045538
30896646
30850931
30918547
31388784
30118854
30641361
30614546
28992037
30153231
31665002
29474911
28278778
30720682
31336314
31374862
31613661
30747300
30211688
30403970
29788413
31253734
31632184
31818253
30795559
30351054
31438212
31805538
31094883
30286740
30118695
31333757
31503488
29626903
29775406
30158851
30157766
30077893
31295892
29789422
30589970
28586407
30646134
29936469
30215285
29366586
31481883
30176373
31412064
29726357
29785071
30169785
30140608
29654425
31600912
30302816
30125713
27255336
29854202
29752298
28961575
31691629
29374475
31377536
29218881
29218905
29356281
31041697
31080934
29599951
29577489
29521928
30540756
31376925
29641640
30367322
30370948
31288638
30615300
31438229
29883752
29956486
30294269
30397282
31025483
28874503
29631753
29949748
30524220
30951091
30703259
30862910
30646089
29680688
31594828
30020406
30519191
29798696
30055304
30833669
30770444
28841549
30179500
29800593
28359221
30879819
31055833
30523982
31731374
31404415
30069585
30396337
30048781
31614544
31739268
28934023
31416741
30376866
29468474
30739531
30421020
29218890
30625153
30171173
30188817
31345972
30442035
29703977
29407661
31200455
30264542
31728177
31005079
30533436
30647037
31055792
29757732
31392104
31470419
31280638
29174606
30991322
30363986
31205009
31477670
29921173
30590704
31406384
29642673
29463808
31364746
30687900
31713193
31437969
30601803
30598110
28857245
31512439
30241918
31786912
29499448
31482856
30278402
29935224
30236728
31338778
31502973
31570538
31686573
30755155
31128628
31712594
31454925
30532273
30898336
27748215
30842733
31493783
30744535
31499840
30010007
29523323
28920893
29875364
30155366
31179446
30216140
30629920
31661543
31536010
30602428
31451127
31713709
29708827
29174994
30486308
29961006
29176400
29126163
30383423
31163983
31277107
29975694
31569456
29357400
29414535
31792857
31110290
30918035
30908004
30914446
31135367
31332533
30180212
31749664
31357650
30047310
31245778
30852026
29544146
29679685
30580160
29994306
31813492
30336130
30441677
30845680
30621808
30990451
30963076
29994189
28956248
29446945
31304403
30629724
29936719
29860481
30041017
28422695
30904129
29432115
31114541
30745169
30422134
31249063
30547402
31428085
30906179
29351177
30416520
31703505
31011947
29676507
30858834
30502887
31134222
30504041
30223609
30678537
31575044
29460086
31235800
30448299
29870348
31311963
29967470
29994201
31540523
31632335
30873528
28651909
29514638
30194538
28500009
30527294
30440925
30482155
31604183
29165084
29958275
30143621
29504264
30149555
31127311
29994669
31145211
31544714
28321608
31549507
31290327
31653112
31261024
29991959
29462459
30154335
28883037
30291180
29755684
30659144
30469418
29343653
31591368
30236831
28934923
29407827
31281337
31104213
31140441
29615484
31521909
31090063
29970823
30257926
30132849
31607348
29860544
30956656
30648944
31553729
31336673
29437912
31016309
30659653
30298202
29052167
29853367
29727634
29970035
30142385
31121960
31613785
29330017
29025900
30680901
29415163
30149460
31416551
31612262
29686159
30147095
31731044
30700855
31324155
31400620
31510660
30123439
30150631
29543737
29862197
30076490
31105470
31509583
30936961
31137222
31160013
30130208
30577177
31744141
29642837
31668159
30427881
29569301
30440425
31143206
29653739
31494983
30599797
30826767
30265251
30337609
30693428
31680466
31134510
30914504
31812411
31086068
31222801
29432111
28779459
31504835
31487810
31738785
30903136
31657343
30440462
30618593
29471406
31568871
29059036
31147467
30355067
30630411
29552835
30216871
28422666
30609734
31499650
31159290
30001179
30470044
30711452
31333706
29977806
30400705
31593226
31398890
31317001
30899034
30668508
28922110
30898806
31698638
31315568
28988715
29953251
30239773
30953252
30600624
31337132
30136158
29652750
31698238
31793012
29883456
30817079
31277051
30577548
31768064
31520159
30188835
31575494
31469360
31416918
31551721
29955057
31324321
28945912
30429832
31606369
30353143
30578793
31612875
30807821
29564429
31817141
31090102
29994090
29431618
30105054
30990810
31191258
29249050
29107618
30859867
31022473
31630085
29893800
30943102
31173613
30607066
30480214
29950585
30548989
30700480
29121389
29628620
31215881
31668801
29396917
29086695
29359123
31352363
31542365
28940682
31167394
30098165
30797715
31308892
29483546
31330638
31613762
29887662
31528662
29971621
30475862
30776561
30794587
31790817
31783618
29572496
31391148
31163916
30870331
31675466
30244174
30013095
31249515
30876246
30497506
29994009
30419957
30876149
30470676
31708760
29605556
30771895
30038394
28574602
30057641
31427571
31509812
31294997
30860489
31137469
31680911
31619082
31620266
30723296
28953425
31506235
30008740
31256906
31156711
30902788
30440716
30581625
29219805
30581457
29854175
29435254
31575127
31695242
30781784
31382708
28816702
30228821
29498273
29920547
31186360
28459680
30440924
29740517
30371389
31396071
30441117
31125398
29673224
30440420
30154914
29518130
30240451
31503578
29321174
31705397
31782934
31565089
30596655
30468849
31343494
31623795
30540200
31077390
29718191
29106667
31566325
30743960
31350688
31793895
30409338
31167941
28481655
30968131
30984267
31251460
31764657
30532716
28866519
29143369
31077500
29530681
30967985
28952968
28180237
29801950
31497629
30150505
30697145
31569300
29258880
30901415
29281922
30496478
30481754
29551506
29186545
30825447
31312117
30424169
30709212
31043088
30190670
31462203
29368264
30540807
29951049
30983515
30350600
30369047
29860637
29239117
29471659
29893797
29882861
29293164
29446755
29384838
31701254
29028924
30367590
31764942
31441165
29864826
30453719
30217670
30327986
29306271
28650830
29524765
30593110
29994144
30990202
31015824
31167169
31582616
31274962
31052245
31386676
29623042
31765323
29516967
31158209
29431470
29689049
29791344
31294972
31073530
31534555
31469881
30440301
30773224
30583609
31204567
31803253
30557812
30077576
31650092
30937990
31423740
30523919
31037430
29128688
30776285
30612366
31639584
30644045
31799938
29776046
31441995
29373499
30008727
29759597
30934300
31335704
30682814
29854105
29297675
29801938
29174287
30089392
29753995
29844196
30091981
29402211
29520780
29659719
29364650
30700103
29313209
29969090
29789182
30982130
30389056
31591210
31046590
29194688
31817213
30820441
31341015
31759804
31800721
31782255
30911850
29993624
30390514
29978040
31745040
30416865
31361969
31328535
30634177
30423438
30123948
31352418
30635983
30562957
30388119
31002617
30841592
30340420
30018216
30567655
31474311
29867095
30009958
31242941
30571402
29542693
29964190
29074453
29298911
29766581
31137497
30578462
31238979
31007998
29374059
30919573
31615232
30869625
30364045
31801067
29021409
31185416
30654714
29904611
31710578
29582638
31195603
31266952
30535026
30579223
30506808
29397275
29451801
30711292
29594182
31684650
29171319
31467791
30768826
31682243
31783625
31770298
29558893
31010087
31330889
31274312
29604702
29849045
30699985
30465140
31330459
29420185
29436347
30084874
30268953
29758974
31736840
30917599
31465486
31167156
31150348
29897978
29513001
30577462
29990164
31409677
31817006
30260219
29421114
30674246
30951880
31233563
31343523
30001259
28715327
30718091
30359841
31266247
29474519
31786210
30146873
30024269
29989846
29408936
31192712
28436836
30769289
30477750
29382765
30440952
30988892
29990447
31284155
30581045
30788393
30183705
31276282
28703854
29949912
30076076
30168286
30653220
29705076
31647054
30869604
29533226
31401235
31721909
29947591
30624913
31646637
30895656
28664247
31744229
29511259
29547700
31249224
31582915
31376756
29710566
31164091
31441267
29705669
30875124
29568038
29028902
29993974
28113600
30759254
30131788
31630774
29103622
29813105
30338571
30296153
31042460
30447397
31082259
28924568
29771704
29562181
31447883
31727918
29250753
28278456
31601822
29862633
31540533
31251204
30202039
29512026
29205933
31475101
31228721
31200472
31680824
30367678
30954476
30979914
30279383
30596426
30441727
31103877
29998670
29456897
29908654
31087947
30099624
29735889
30303472
31751246
30842828
29948968
30399737
31533426
29075165
28436906
31321955
31333327
30088125
30111052
31048073
29702216

label_ft_included
0
0
0
0
0
0
0
0
0
1
0
0
0
0
0
0
0
0
0
0
0
0
0
0
1
0
0
0
0
1
1
0
0
0
0
0
0
0
0
0
0
0
0
0
0
0
0
0
0
0
0
0
1
0
0
0
0
0
0
0
0
0
0
0
0
0
0
0
0
0
0
0
0
0
0
1
0
0
0
0
0
0
0
0
0
0
0
0
0
1
0
1
0
0
0
0
0
0
0
0
0
0
0
0
0
0
0
0
0
0
0
0
0
0
0
1
0
0
0
0
1
0
0
0
0
0
0
0
0
0
0
0
0
0
0
0
0
1
0
0
0
0
0
0
0
0
0
0
0
0
0
0
0
0
0
0
0
0
0
0
1
0
0
0
0
0
0
0
0
0
0
0
1
0
0
1
0
0
0
0
1
0
0
0
0
0
0
0
0
0
0
0
0
1
0
0
0
0
0
0
0
0
0
0
1
1
0
0
1
0
0
0
0
0
0
0
0
0
0
1
0
0
0
1
0
0
0
0
0
0
0
0
0
0
0
0
1
0
0
0
0
0
0
0
0
0
0
0
0
0
0
0
0
0
0
0
0
0
0
0
0
0
0
0
0
0
0
0
0
0
0
0
0
0
0
0
0
0
0
0
0
0
0
0
0
0
0
0
0
0
0
0
0
0
0
0
0
1
0
0
0
0
0
0
0
0
0
0
0
0
0
0
0
0
0
0
0
0
0
0
0
0
0
0
0
0
1
0
0
0
0
0
0
0
0
0
0
0
0
0
0
0
0
0
0
0
0
1
0
0
0
0
0
0
1
0
0
0
1
0
0
0
0
0
0
1
0
0
0
0
0
0
0
0
1
0
0
0
0
0
0
0
0
0
0
0
0
0
0
0
0
0
0
1
0
0
0
0
0
0
0
0
0
0
0
0
0
0
0
0
1
0
0
0
0
0
1
0
0
0
0
0
0
0
0
0
0
1
0
1
0
0
0
0
0
0
0
0
0
0
0
0
0
1
0
0
0
0
0
0
0
0
0
0
0
0
0
0
0
0
0
0
0
0
0
0
0
0
0
0
0
0
0
0
0
0
0
0
0
0
0
0
0
0
0
0
0
0
0
0
0
0
0
0
0
0
0
0
0
0
0
0
0
0
0
0
0
0
0
0
0
0
0
0
0
0
0
0
0
0
0
0
0
0
0
0
0
0
1
0
0
0
0
0
0
0
0
0
0
0
0
0
0
0
0
0
0
0
0
0
0
0
0
0
1
0
0
0
0
0
0
0
0
0
0
0
0
1
0
0
0
0
0
0
0
0
0
0
0
0
0
0
0
1
0
0
0
0
0
0
0
0
0
0
0
0
0
0
0
0
1
0
0
0
0
0
0
0
0
0
0
0
0
0
0
0
0
0
0
0
0
0
0
0
0
0
0
0
0
0
0
0
1
0
0
0
0
0
1
0
0
0
0
0
0
0
0
0
0
0
0
0
0
0
0
0
0
0
0
0
0
0
0
0
0
0
0
0
0
0
1
0
1
0
0
0
0
0
0
0
0
0
0
0
0
1
0
0
0
0
0
0
0
1
0
0
0
0
0
0
0
0
0
0
0
0
0
0
0
0
0
0
0
0
0
0
0
0
0
1
0
0
0
0
0
0
0
0
0
0
0
0
0
0
0
0
0
0
0
0
0
0
0
0
0
0
0
0
0
0
0
0
0
0
0
0
0
0
1
0
0
0
0
0
0
0
0
0
0
0
0
0
0
0
0
0
0
0
0
0
0
0
0
0
0
0
0
0
0
0
0
0
0
0
0
0
0
0
0
0
0
0
0
0
0
0
0
0
0
0
0
1
0
0
0
0
0
1
0
0
0
0
0
0
0
0
1
0
0
0
0
0
0
0
0
0
0
0
0
0
0
0
0
0
0
0
0
0
0
0
0
0
0
0
0
0
0
0
0
0
0
0
0
1
0
0
0
0
0
1
0
0
0
0
0
0
0
1
0
0
0
0
0
0
0
0
0
0
0
0
0
0
1
0
0
0
0
0
0
0
0
0
0
0
0
0
0
0
1
0
0
0
0
0
0
1
0
0
0
0
0
0
0
0
0
0
0
0
0
0
0
0
0
0
0
0
0
0
0
0
0
0
0
0
0
0
0
0
0
0
0
0
0
0
0
0
0
0
0
0
0
0
0
0
0
0
0
0
0
0
1
0
0
0
0
0
0
1
0
0
0
0
0
0
0
0
0
1
0
0
0
0
0
0
0
1
0
0
0
0
1
1
0
0
1
1
1
0
0
0
1
0
0
0
0
0
0
1
0
0
1
0
0
0
0
0
0
0
1
0
0
0
1
0
1
1
1
1
0
0
1
0
0
0
1
0
0
0
0
0
1
1
0
0
1
1
0
0
1
0
0
1
0
0
0
0
0
1
1
1
1
0
0
0
0
1
0
0
0
0
0
1
0
0
1
0
0
0
0
1
0
0
1
1
1
0
0
0
0
1
1
0
0
0
1
0
0
0
0
0
0
0
0
0
0
0
0
1
0
0
0
1
0
0
0
1
0
0
0
0
0
0
0
0
0
0
0
0
0
0
0
0
0
0
0
1
0
0
1
0
1
0
0
0
0
1
0
0
1
1
0
0
0
0
0
1
0
0
0
0
0
1
0
0
0
0
0
0
1
0
1
0
0
0
0
0
0
1
0
0
0
0
0
1
0
0
1
1
0
0
0
0
0
0
0
1
0
0
0
0
0
0
0
0
0
0
0
1
0
0
0
0
0
0
0
0
1
0
0
0
0
0
0
0
0
0
0
0
0
0
0
1
0
0
0
0
0
0
1
0
0
0
0
0
0
0
0
0
1
0
1
1
0
0
0
1
0
0
0
0
1
0
0
0
0
0
0
0
0
1
0
0
0
0
0
0
0
1
0
0
1
0
0
0
0
0
0
0
0
0
0
0
0
0
0
0
0
0
0
0
0
0
0
0
0
0
0
0
0
0
0
0
0
0
0
0
0
0
0
0
0
0
0
0
0
0
0
0
0
0
0
0
0
0
0
0
0
0
0
0
0
0
0
0
0
1
0
0
0
0
0
0
0
0
0
0
0
0
0
0
0
0
0
0
1
0
0
0
1
0
0
0
0
0
0
0
0
1
1
0
0
1
0
0
0
0
0
0
0
1
0
0
0
0
0
0
0
0
0
0
0
0
0
0
0
0
0
0
0
0
0
0
0
0
0
0
0
0
0
0
0
0
0
1
0
0
0
0
0
0
0
0
0
0
0
0
0
0
1
0
0
0
0
0
0
0
1
0
0
0
0
0
1
0
0
0
0
0
0
0
0
0
0
0
0
1
0
0
0
0
0
1
0
0
0
0
0
0
0
0
0
0
0
0
0
0
0
0
0
0
1
0
0
0
0
0
0
0
0
0
0
0
0
0
0
0
0
0
0
0
0
0
0
0
0
0
0
0
0
0
0
0
0
0
0
0
0
0
0
0
0
0
0
0
0
0
0
0
0
0
0
0
0
0
0
0
0
0
0
0
0
0
0
0
0
0
0
0
0
0
0
0
0
0
0
0
0
0
0
0
0
0
0
0
0
0
0
0
0
0
0
0
0
0
0
0
0
0
0
0
0
0
0
0
0
0
0
0
0
0
0
0
0
0
0
0
0
1
0
0
0
0
0
0
0
0
0
0
0
0
0
0
0
0
0
0
0
0
0
0
0
0
0
0
0
0
0
0
0
0
0
0
0
0
0
0
0
0
0
0
0
0
0
0
0
0
0
0
0
1
0
0
0
0
0
0
0
0
0
0
0
0
0
0
0
0
0
0
0
0
0
0
0
0
0
0
0
0
0
0
0
0
0
0
0
0
0
0
0
0
0
0
0
0
0
0
0
0
0
0
0
0
0
0
0
0
0
0
0
0
0
0
0
0
0
0
0
0
0
0
0
0
0
0
0
0
0
0
0
0
0
0
0
0
0
0
0
0
0
0
0
0
0
0
0
0
0
0
0
0
0
0
0
0
0
0
0
0
0
0
0
0
0
0
0
0
0
0
0
0
0
0
0
0
0
0
0
0
0
0
0
0
1
0
0
0
0
0
0
0
0
0
0
0
0
0
0
0
0
0
0
0
0
0
0
0
0
0
0
0
0
0
0
0
0
0
0
0
0
0
0
0
0
0
0
0
0
0
1
0
0
0
0
0
0
0
0
0
0
0
0
0
0
0
0
0
0
0
0
0
0
0
0
0
0
0
0
0
0
0
0
0
0
0
0
0
0
0
0
0
0
0
0
0
0
0
0
0
0
0
0
0
0
0
0
0
0
0
0
1
0
0
0
0
0
0
0
0
0
0
0
0
0
0
0
0
0
0
0
0
0
0
0
0
0
0
0
0
0
0
0
0
0
0
0
0
0
0
0
0
0
0
0
0
0
0
0
0
0
0
0
0
0
0
0
0
0
0
0
0
0
0
0
0
0
0
0
0
0
0
0
0
0
0
0
0
0
0
0
0
0
0
0
0
0
0
0
0
0
0
0
0
0
0
0
0
0
0
0
0
0
0
0
0
0
0
0
0
0
1
0
0
0
0
0
0
0
0
0
0
0
0
0
0
0
0
0
0
0
0
0
0
0
0
0
0
0
0
0
0
0
0
0
0
0
0
0
0
0
0
0
0
0
0
0
0
0
0
0
0
0
0
0
0
0
0
0
0
0
0
0
0
0
0
0
0
0
0
0
0
0
0
0
0
0
0
0
0
0
0
0
0
0
0
0
0
0
0
0
0
0
0
0
0
0
0
0
0
0
0
0
0
0
0
0
0
0
0
0
0
0
0
0
0
0
0
0
0
0
0
0
0
0
0
0
0
0
0
0
0
0
0
0
0
0
0
0
0
0
0
0
0
0
0
0
0
0
0
0
0
0
0
0
0
0
0
0
0
0
0
0
0
0
0
0
0
0
0
0
0
0
0
0
0
0
0
0
0
0
0
0
0
0
0
0
0
0
0
0
0
0
0
0
0
0
0
0
0
0
0
0
0
0
0
0
0
0
0
0
0
0
0
0
0
0
0
0
0
0
0
0
0
0
0
0
0
0
0
0
0
0
0
0
0
0
0
0
0
0
0
0
0
0
0
0
0
0
0
0
0
0
0
0
0
0
0
0
0
0
0
0
0
0
0
0
0
1
0
0
0
0
0
0
0
0
0
0
0
0
0
0
0
0
0
0
0
0
0
0
0
0
0
0
0
0
0
0
0
0
0
0
0
0
0
0
0
0
0
0
0
0
0
0
0
0
0
0
0
0
0
0
0
0
0
0
0
0
0
0
0
0
0
0
0
0
0
0
0
0
0
0
0
0
0
0
1
0
0
0
0
0
0
0
0
0
0
0
0
0
0
0
0
0
0
0
0
0
0
0
0
0
1
0
0
0
0
0
0
0
0
0
0
0
0
0
0
0
0
0
0
0
0
0
0
0
0
0
0
0
0
0
0
0
0
0
0
0
0
0
0
0
0
0
0
0
0
0
0
1
0
0
0
0
0
0
0
0
0
0
0
0
0
0
0
0
0
0
0
0
0
1
0
0
0
0
0
0
0
0
0
0
0
0
0
0
0
0
0
0
0
0
0
