Title: Poor reporting of multivariable prediction model studies: towards a targeted implementation strategy of the TRIPOD statement

Year: 2018

Authors: Pauline Heus, Johanna AAG Damen, Romin Pajouheshnia, Rob JPM Scholten, Johannes B Reitsma, Gary S Collins, Douglas G Altman, Karel GM Moons, Lotty Hooft

pmid:
24959963
24864185
24864176
24861330
24860087
24848922
24798701
24798700
24795006
24794993
24785878
24742563
24576776
24850810
24591683
24441149
24785843
24770297
24372627
24812425
24882672
24850151
24727028
24468653
24869671
24745620
24827766
24529867
24859361
24814292
24523217
24885621
24039001
24681659
24790135
24879650
24678937
24668308
24249534
24871873
24810523
24714119
24901307
24434679
24390932
24740200
24770176
23949100
24076443
24681577
24338559
24636078
24486308
24746652
24854341
24770177
24824609
23932934
24038518
24860914
24496289
24821909
24798001
24581683
24811942
24803037
24848439
24812422
24153013
24836529
24835356
24368308
24829216
24851874
24780634
24591682
24676755
24446454
24816155
24557420
24220228
24467882
24450934
24807337
24738584
24738583
24347572
24848981
24841777
24791703
24582010
24337764
24474614
24690476
24511084
24885888
24861202
24833745
24769999
24685550
24687134
24833306
24853310
24475848
24958750
24796337
24859870
24351376
24863403
24077342
23696499
24838748
24463220
24632281
24529537
24440674
24595631
24812288
24685582
24748671
24874701
24474430
24554542
24855063
24613990
24622396
24686852
24853306
24814487
24866210
24770000
24797064
24779429
24844740
24842830
24637361
24468018
24770180
24622243
24360669
23828881
24860927
24838769
24733793
24096524
24886513
24412454
24836012
24715515
24857024
24818550
24813092
24602842
24596117
24785206
24723557
24819156
24886066
23661634
24519553
24623028
24790059
23946168
24643406
24785847
24814759
24252357
24510069
24770317
23078128
24848064
24770170
24821595
24838697
24522987
24891622
24122966
24211099
24680760
24557647
24633664
24786942
24790160
24901439
24833558
24832162
24743066
24958751
24800962
24708451
24225332
24862491
23397014
24856040
24704068
24853241
24825853
24362072
24569031
24867305
24153012
24632286
24875120
24596418
24382167
24509531
24712457
24804568
24759674
24947541
24613655
24810251
24595396
23702414
24770292
24515568
24777149
24077437
24836755
24444996
24886460
24879985
24582006
24510071
24801508
24378803
24801272
24385203
24090729
24390938
24810223
24823640
24284518
24862704
24781426
24608669
24665089
24745490
24488750
24331152
24652309
24884779
24667914
24462744
23809904
24680694
24818547
24485508
24831516
24037503
24631922
24821664
24811893
24800926
24521924
24874501
24846278
24677131
24713393
24812164
24684481
24369420
24832620
24824546
24526546
24833100
24387925
24356875
24328857
24723582
24705724
24832379
24875752
24709949
24798773
24659129
24133191
24831806
24868022
24613499
24769278
24785509
24864165
24619277
24357526
24821105
24770300
24847085
24217703
24419662
23990289
24139617
24139614
24751810
24114943
24770106
24807083
24582931
24576046
24752772
23744700
24489015
24863431
24725706
24799515
24360504
23875805
24770003
24659368
24887537
24792440
24862071
24184160
24840034
24866146
24770004
24722429
23623972
24532151
24726759
24747678
24829023
24830735
24307080
24790138
24863668
24481597
24757229
24318158
24840528
24453240
24856927
24680633
24802521
24878875
24881041
24671869
24606581
24779449
24862706
24872350
24578380
24562642
24636155
24886026
24874200
24075890
24930618
24655331
24439484
24794367
24839885
24846036
24886768
24842913
24797413
24770005
24570379
24470239
24631064
24968705
24874269
24861721
24807147
24752052
24769969
24706003
24815605
24813370
24557002
24055612
24751892
23505255
24876188
24419395
24831059
24953788
24831295
24867341
24879785
24162623
24602895
24509193
24812203
24829202
24852444
24853604
24695627
24831437
24738805
24423779
24525709
24535126
24712464
24039033
24351372
24864174
24874203
24836472
24951662
24497340
24875025
24302516
24206446
24832874
24886287
24395646
24752057
24121242
24788975
24525279
24824643
24795085
24813196
24745873
24887569
24787570
24786800
24831438
24770007
24862080
24810599
23693030
24491417
24770127
24770126
24578378
24161353
24835590
24361790
24723288
24038793
24698097
24665136
24736129
24841418
24825422
24397572
24555571
23541633
24885409
24292995
24368088
23535018
24299563
24842879
24568938
24686439
24497157
24870622
24727315
24668049
24614213
24664155
24246770
24854455
24375787
24838943
24636091
24280710
24188925
24810901
24854003
24713124
24657687
24316095
24829196
24872094
24633881
24686779
24850487
24857925
24859364
24837895
24622245
24770188
24608518
24342949
24343896
24771567
24860501
24517180
24867537
24884991
24412644
24842798
24445382
24658346
24875020
24732238
24881821
24833784
24807338
23982893
24441659
24622383
24664291
24824858
24374539
24834926
24582739
24821879
24531850
23322894
24723000
24792871
24953861
24840759
24317292
24487345
24442596
24918211
24613084
24825170
24828155
24662730
24973008
24518559
24750974
24521787
24879381
24823296
24746569
24770189
23562988
24666314
24683197
24827889
24607757
24859275
24365859
24838793
24802542
24921634
24792383
24613273
24793954
24867304
24613496
24698556
24195866
24793410
24831978
23929503
24436469
24521998
24770190
24770191
24721893
24714036
24887445
24784152
24833746
24583141
24722159
24853371
24785849
24793873
24807336
24855156
24807684
24856627
24435003
24378089
24808020
24657119
24480930
24548724
23982962
24026351
24853109
24954178
24824313
24578475
24880020
24770013
24602871
24677541
24186101
24806078
24839267
24675069
24567065
24853242
23727082
24871646
24770014
24684867
24794571
24935529
24799312
24863978
23449890
24231838
24725692
24509131
24038902
24874504
24861556
24752083
24491639
24169649
24807785
24563194
24700883
24067887
24510701
24809799
24863979
24779403
24302706
24280809
24838406
24081665
24885783
24714724
24658818
24885764
23894001
24859939
24751883
24880146
24824915
24737559
24879971
24280808
24346416
24823761
24781892
24389052
24550216
24865974
24703208
23766440
24864124
24685591
24385043
24879964
24560834
24472766
24863805
24529621
24835912
24787566
24833765
24813323
24814497
24636932
24869467
24829271
24530706
24342147
24636890
24311770
24901219
24836764
24870060
24794707
24583247
24798617
24883071
24742752
24779559
24815219
24508646
24326951
24626806
24797567
24971147
24491466
24860178
24852182
24676775
24497408
24702307
24910612
24669757
24656291
24810524
24785853
24854630
24833787
24842692
24819576
24869935
23935004
24651681
24739782
24863803
24394985
24378745
24366912
24852850
24799472
24814041
24711583
24500243
24425422
24350633
24711549
24177001
24838891
24786240
24873781
24854792
24518055
24812311
24816499
24787563
24783956
24876080
24525278
24700692
24486088
24700691
24612594
23990447
24801268
24492928
24889438
24858201
24650718
24612469
23933425
24732112
24565992
24549775
24935531
24657688
24602753
24231835
24480302
24227285
23943780
24833796
24910391
24833754
24801626
23616395
24717216
24810147
24560394
24295921
24525448
24862289
24842284
24849523
24667458
24810738
24770016
24823636
23364903
24868078
24657652
24722155
24668931
24823947
24560825
24880193
24379348
24650833
24357673
23742850
24670320
24666743
24371842
24814496
24802990
24211027
24021224
24529535
24770017
24629998
24880632
24607624
24315770
24662734
24402086
24825107
24651655
24525910
24770119
24825852
24886697
24813597
24814505
24876259
24831984
24841698
24836149
24881852
24698297
24091992
24925810
24866541
24866055
24781389
24519666
24578383
24852050
24933503
24142300
23475607
24504734
24638003
24951664
23636655
24333516
24737562
24745696
24521197
24854276
24801793
24798621
24655904
24901706
23853139
24887198
23842193
24927914
24513152
24867013
24770019
23606705
24029743
24038570
24816819
24699058
23602308
24574343
24647881
24825847
24628729
24784335
24295922
24769933
24376272
24662984
24508475
24746646
24727579
24836125
24812323
24881057
24838704
24786119
23669165
24842009
24870581
24619462
24865267
24617326
24368136
24801767
24280819
23237548
24265172
24534298
24627296
24290503
24929970
24727311
24518261
24589669
24415645
24316270
24423433
24302677
24326600
24599770
24845921
24446190
24818736
24721592
24907773
24216398
24867580
24096757
24808023
24732774
24826813
24737561
24838178
24351444
24768291
24845727
23689533
24637161
23954088
23908457
24770323
23943317
24480786
24881826
24799544
24853544
24598010
24534655
24279830
24385201
24854859
24853122
24839031
24664154
24930611
24839894
24522990
24855160
24648416
24821941
24378936
24607285
24374790
23676439
24859181
24827930
24518430
24878563
24492765
24796958
24788974
23606444
24458513
24823289
23988292
24535670
24361325
24492261
24302686
24809912
24836274
24657621
24534297
24563449
24702692
24589388
24976853
24751738
24299930
24886623
24887101
24841413
23696630
24849214
24406804
24419332
24633614
24563387
24777850
24183957
24952837
24775402
24359328
24844748
24039024
24415743
24898272
24242702
24525256
24793829
24809430
24385209
24799476
24757228
24845391
24448890
24150208
24890805
24770114
24813661
24415412
24651278
24935723
24477222
24397611
24615885
24929637
24840975
24280726
24730420
24414998
24829214
24811436
24603131
24787520
24770154
24771410
24785852
24725204
24809301
24804858
24889041
24630124
24786726
24430863
24345633
24842891
24722257
24810533
24642518
24522562
24656288
24852460
24821329
24875663
23771989
24574348
24287281
24614843
24901227
24853600
24890317
24457339
24878394
24610678
24511128
24713206
24290523
23417268
24365607
24835072
24652307
24824965
24235277
24582949
24922480
24270062
24770199
24560835
24556140
24513329
24726615
24554646
24642106
24836059
24536048
24959751
24821287
24219903
24933587
24631447
24788821
24470464
24797308
24307629
24529619
24582988
24743106
24457631
24393021
24315768
24552679
24614277
24656689
24657640
24169195
24509409
24881067
24311766
24589413
24866403
24746860
24501096
24406072
24792856
24862861
24009152
24793184
24976854
24845403
24657301
24875019
24811998
24607622
24605984
24823451
24811484
24751757
24285406
24115344
24889203
24817070
24332097
24457067
24788540
24666546
24161350
24388280
24717693
24861487
23954108
24595219
24789864
24944306
24770185
24817655
24827532
24857234
24496292
24477430
23846605
24799294
24882673
24823985
24633618
24769950
24838701
24475845
24686203
24845728
24642702
24770201
24807420
24094038
24817656
24863148
24685593
24462733
23853213
24853262
24578444
23835138
24722258
24499829
24841704
24406289
24520945
24788830
24446060
24680568
24796968
24821899
24821895
24732867
24830581
24812066
24394594
24496962
24457342
24705311
24680576
24613675
24517876
24812168
24656470
24939740
24687828
23933625
24402637
24872007
24365980
24493238
24680281
24598982
23982111
24578331
24808109
24854493
24656286
24770299
24114711
24668202
24817530
24496176
24742954
24833494
24884786
24813197
24876204
24504504
24433094
24363185
24746576
24666018
24771548
24622327
24802388
24615780
24799469
24491416
24801308
24449101
24785842
24807872
24862297
24332007
24503704
24462312
24952441
24770107
24809351
24746739
24429002
24831421
24887958
24890186
24257690
24821944
24745729
24351371
24332807
24816046
24525114
24657683
24843054
24770022
24770021
24770204
24875389
24722154
24705811
24770155
24832572
24840529
24807462
24759844
24866132
24809976
24667913
24867891
24642553
24973119
24637198
24641245
24503276
24821057
24388013
23868714
24522762
24629454
24149431
24318609
24825846
24567435
24829463
24690439
24518613
24518615
24477160
24613537
24887959
24832366
24840035
24845395
24281994
24728774
24592961
24838831
24480335
24904414
24522384
24813969
24805007
24723563
24559641
24406280
24813096
24752056
24890070
24566816
24816788
24770208
24521991
24406454
24846275
24770156
23811241
24835153
24879568
24879837
24481320
24807212
24369751
24631478
24338352
24682949
24679869
24770211
24833586
24897399
24819859
24618997
24821825
24663091
24713123
24825909
24576744
24806018
24904408
24695267
24679145
24882558
24875193
24814851
24887089
24367889
24875858
24831890
24745875
24739268
24804696
24172684
24755784
24675041
24824314
23616341
24662298
24486331
24830870
24477325
24812301
24862449
23975452
24045440
24553723
24931706
24446149
24578334
24803359
24802742
24830575
24119541
24835507
24627536
24800622
24944307
24880709
24513094
24795292
24226422
24886476
24533871
24784334
24769974
24658682
24836784
24821843
24853912
24732820
24387986
24355321
24866892
24554563
24658820
24650045
23851023
24417334
24359160
24813299
24011423
24440530
24816281
24856929
24585089
24503127
24799611
24365981
24845612
24582167
23666932
24831924
24443036
24598478
24172914
23899955
24925941
24561247
24835058
24259442
24770303
24770213
24119857
24800812
24781576
24831117
24842508
24820536
24921253
24518168
24532043
24830831
24831694
24861010
24890100
24849126
24445926
24581577
24700290
24387818
24678594
24595395
24674355
24770134
23958962
24680759
24561145
24876359
24413577
24770120
24848264
24467391
24842087
24811214
24700125
24679729
24785675
24345887
24583346
24531048
24871781
24745951
24675048
24525275
24827998
24893312
24865794
24632537
24231668
24614216
24771503
24439069
24435007
24419756
24770128
24885127
24842896
24253486
23625977
23871264
24333514
24475858
24881993
24489379
23707141
24770025
24770206
23945947
24584063
24310439
24880147
24618280
24501159
24613809
24631738
23567432
24727309
24285425
24875548
24840545
24606315
24720380
24752717
24688070
24671877
24265158
24584349
24504924
24445228
24858200
24770215
24690238
24464507
24740889
23831342
24856579
24185845
24836326
24196945
24884343
24341939
24770216
24623738
24080847
24770217
24836547
24866151
24806552
24553178
24844590
24682451
24795291
24095974
24699052
24582618
24339444
24607245
24866434
24786908
24850489
24860139
24496758
23880528
24770307
24790067
24811216
24619111
24713525
24317375
24815501
24840761
24521788
24847087
24038614
24812285
24631838
24763865
24651662
24682614
24789557
24889485
24814848
24619965
24522992
24726289
24841347
24841129
24437357
24560541
24663044
24802193
24642561
24799542
24549772
24631594
24831979
23835873
24636854
24407233
24859937
24588745
24745531
24362842
24968118
24945284
24096760
24176991
24502839
24598378
24770322
24515407
24951022
24855159
24867148
24251413
24530340
24789172
24802331
24948709
24887179
24685586
24823311
24886626
24375768
24876183
24664128
24634251
24876284
24365862
24630860
24646009
24598390
23689534
24641247
24722156
24878830
24821594
23376569
24793732
24105474
24169172
24492143
24347461
24841399
24770318
24837542
24850790
24801657
24662628
24855146
24781430
24852606
24057077
24811297
24845609
24710915
24516105
24787964
24126966
24876089
24713483
24786876
24626060
23616414
24521953
24677184
24790162
24463222
24632475
24487746
24872131
24812433
24480711
24027192
24828759
24510193
23061968
24375440
24656436
24554544
24791913
24841699
24812287
24929771
24797281
24706727
24677109
24568201
24866542
24854062
24685153
24719484
24277692
24870620
24705442
24464605
24814042
24799536
24837466
24798484
24786129
24520122
24857030
24743444
24514913
24584099
24842182
24389310
24151008
24791829
24055575
24548642
24642697
24876173
24828900
24574437
22843444
24585431
24769936
24133287
24874056
24824282
24830872
24745956
24675659
24802033
24404897
24480386
24685406
24860036
24844976
24816970
24352157
24953296
24122729
24793341
24821834
24799602
24698296
24842781
24879979
24833061
24854274
24879590
24607242
24731101
24561392
24351446
24893275
24419755
24842920
24682613
24725175
24770184
24118532
24951021
24799313
24866715
24335785
24231843
24770277
24408888
24885283
24711050
23670113
24402608
24636948
24766360
24718091
24435104
24574342
24561229
24425780
24659631
24825371
24009285
24879382
24637191
24169177
24818549
24789499
24738591
24480149
24816533
24588675
24469736
24787487
24844194
24786939
24862076
24334207
24611974
24855181
24819422
24496288
24879782
24725690
24731135
24795333
24615342
23907069
24824338
24812039
24868072
24636743
24679861
24887982
24798696
24629999
24412114
24725315
23989597
24787001
24750133
24240813
24794980
24631183
24824091
24797122
24522180
24770124
24809631
24433969
24595628
24746841
23996808
24719485
24446131
24844974
24366911
24833101
24558110
24375374
24657391
24770031
24723682
24717695
24842625
24646829
24770223
24770108
24798623
24135829
24687604
24532798
24425003
24602778
24496320
24885344
24046193
24687837
23979291
24664553
24289884
24892144
24550172
24423439
24888673
24844673
24127228
24501388
24263008
24560395
24823505
24027122
24805943
24887034
24530438
24841355
24770224
24894999
24767567
24832163
24886674
24556064
24406287
24708533
24793572
24722158
24525169
24874168
24530564
23818102
24702056
24151254
24816240
24315861
24326608
23884511
24799495
24879667
24810861
23628984
24869910
24464190
24848493
24599769
24798755
24799473
24899908
23768882
24663090
23836424
24249785
24609610
23592712
24786127
24500090
24503757
24402414
24657685
24747109
24367908
24906908
24807317
24871327
24742753
24518360
24492923
24811857
24612904
24411311
24700629
24857975
24700550
24770305
24872224
24793208
24882466
24841354
24661967
24856619
24890416
24504926
24876566
24694922
24509410
24621441
24315119
24852801
24632715
24362073
24680971
24793413
24680573
24589062
24833036
24806019
24838949
24854350
24945801
24606889
24884642
23599252
24365858
24689514
24706010
24713530
24473677
23598383
24867541
24770319
24331377
24306900
22998581
24846096
24630355
24832167
24769952
24755189
24739399
24508445
24332765
24865309
24865271
24733830
24759636
24699388
24530646
23576233
24868031
24662983
24907008
24843053
24530249
24668442
24591339
24529645
24791705
24888742
24366321
24824278
23996676
24837241
24889799
24859359
24685282
23606370
24670372
24449466
24816234
24831886
24552833
24875026
24671080
24616337
24628740
24797993
24577812
24574120
24886807
24833560
24821891
24863379
24874952
24725920
24872005
24821211
24971145
24725335
24676777
24425307
24368090
24812286
24353319
24878448
24866402
24871546
24797421
24850760
24633143
24876561
24572484
24867884
24821892
24770226
24323687
24435746
24797373
24666998
24736347
24721558
24878300
24819333
24796279
24887972
24827603
24935785
24825644
24862078
24813833
24573571
24144864
24727806
24315706
24947723
24127353
24314346
24613333
24583670
24531051
24433970
24280869
24441662
24477709
23907815
24813818
24837172
24702887
24682612
24799610
24867256
24846902
24378985
24874115
24836596
24819973
24801509
24327552
24779652
24692479
24842797
24510184
24840669
24680990
24500419
24882741
24667032
24723554
24639382
24531701
23471166
24875312
24798306
24705613
24811437
24875034
24875896
24487050
24857689
24813815
24144405
24155094
24811577
24770255
24738579
24615981
24384684
24770228
24820105
24745511
24703243
24839325
24770229
24800655
24375761
24719488
24445536
24872132
24342898
24789859
24710567
23595801
24796768
24817369
23567374
24815863
24797575
23891921
24706016
24788969
24828662
24696499
24725919
24036055
24781566
24835759
24646639
24632279
24833762
24755803
24317395
24797183
24833743
24890071
24045443
24473643
24368346
24515401
24614337
24760684
24847260
23962747
24831859
24080191
24827035
24788511
24346639
24887633
24855282
24685152
24097290
24700194
24668259
24812248
24832609
24945303
24655536
24758325
24507864
24602519
24784550
24786238
24841353
24842415
24867778
24878215
24921627
24819420
24814181
24770230
24825865
23999730
24657697
24770037
23993033
24558064
24652306
24799136
24812324
24583628
24843796
24801862
24829026
24865998
24866386
23879932
24647117
23900833
23993318
24885857
24361359
24810275
24495814
24821942
24063605
24727191
24725691
24613538
24519983
24770233
24484061
24536031
24817691
24770171
24657689
24038081
23606703
24637618
24843792
24515566
24862492
24055613
24614060
24677652
24561173
24512811
24745950
24445338
24650034
24481730
24094754
24839095
24836312
24864062
24721589
24496759
24347317
24314904
24448032
24333243
24602870
24854489
24836057
24879949
24813113
24485959
24838786
24838360
24814849
24821214
24511136
24493271
24812290
24882066
24280868
24378425
24852187
24566862
24796966
24705725
24799482
24577876
24859851
24643082
24870447
24183842
24818737
24931811
24091989
24071468
24805108
24496925
24440283
24680570
24750013
24798618
24857650
24652994
24603132
24529536
24675138
24531047
24177002
24692500
24844348
24806138
24692533
24817700
24797573
24691513
24790016
24755786
24887981
24851875
24370932
24863677
24673285
24815575
24864306
24882619
24080192
24879926
24889264
24786945
24859441
24838790
24301524
24386901
24328793
24577355
24875346
24447513
24770236
24799310
24249784
24806013
24375481
24372982
24857373
24434677
24806008
24661001
24681663
24846037
24516227
24726252
23258848
24589549
24804604
24726385
24816405
24824784
24127202
24920316
24713529
24738587
24459235
24638133
24721521
24388436
24026542
24663402
24314125
24885376
24352565
24697683
24713532
24725967
24887049
24654674
24586073
24566860
24804833
24846092
24764553
24915306
24831977
24317850
24650398
24631282
24837539
24566710
24850213
24857687
24342950
24799527
24789951
24335715
24413578
24816487
24935872
24777590
24803090
24148762
24836592
24576860
24591017
24885653
24355431
24670402
24855149
24769954
23835876
24800751
24687088
24569437
24520126
24836704
24661339
24866435
24488571
24867504
24627529
24305627
24531052
24648209
24866134
24412139
24254388
24476944
24977286
24736054
24770041
24875469
24458223
23585518
24739516
24856056
24067261
23462728
24508070
24258688
24344969
24508582
23513233
24868073
24667462
24770613
24609609
24810704
24553181
24819120
24748610
23744612
24679982
24686463
24651884
24520124
24743110
24576585
24353324
24811480
23920367
24439757
24522994
24496602
24713481
24385208
24853674
23740238
24394630
24503410
24795337
24686291
24806113
24842883
24845639
24534518
24852188
24474431
24823426
24630000
24862741
24807154
24853382
24307485
24486871
24336031
24578329
24523067
24770042
24629518
24566857
24487048
24789551
24436365
24842498
24594073
24770243
24770130
24802886
24810531
24487049
24515278
24595666
24876245
24842955
24616214
24631601
24808123
24635548
24870571
24824773
24813321
24842175
24816535
24651397
24436468
24718642
24628039
24500995
24862569
24602767
24884670
24812302
24839085
24770245
24770244
24680935
23913872
24841573
24795091
24565425
24719171
24485147
24371297
24850794
24794285
24813344
24825427
24823863
24799467
24746573
23963643
24865272
24719487
24821844
24848972
24706011
24814179
24524877
24817188
24583072
23606535
24867613
24887434
24555773
24815034
24607627
24644038
24859161
24614212
24790158
24433082
24495263
24045674
24831919
24497272
24885825
24631494
24866406
24530606
24823637
24362074
24825130
24793412
24535008
23768632
24813294
24854491
24338982
23687261
24680970
24268191
24899907
23716066
24908168
23856199
24838424
24876081
24595401
24578335
24769992
24770075
24810522
24522786
24290574
24702722
24919775
24502843
24862493
24838924
24878681
24951659
24815574
24841357
24846629
24876260
24868077
24642404
24831653
24840536
24829509
24833660
24500928
24908349
24636802
24836079
24333110
24792775
24669934
24487021
24375691
24736441
24149430
24152904
24881804
23850330
24770043
24780842
24680104
24855115
24558063
24951660
24906588
24829204
24613271
24859449
24820317
24971143
24700432
24607283
24886544
24821912
24333109
23963310
24499831
24468471
24595388
24710569
24150221
24585688
24797522
24736024
24639458
24149925
24770044
24825736
24823635
24445838
24731095
24812001
24203115
24840624
24867791
24439788
24770306
24558066
24867924
24786877
24489362
24395643
24875021
24951661
24310736
24807082
24390135
23595968
24599419
24511082
24833785
24662982
24854275
24679868
24342976
24842587
24859442
24767571
24351369
24853550
24770045
23752247
24876175
24853587
24909097
24841859
24706620
24958191
24615914
24458311
24871874
24613811
24434187
24581576
24838703
24564232
24852422
24246768
24856767
23720240
24885642
24838249
24828672
24869721
24688125
24085401
24769949
24874714
24838759
24578244
23861348
24726613
24012428
24526287
24727317
24839323
24725703
24834979
23567436
24804697
24776923
24112998
24821945
24463616
24734927
24614088
24770207
24878364
23766397
24857827
24882509
23763722
24530667
24740988
23817505
24452323
24725317
24843067
24197761
24819369
24434083
24785115
24880814
24803611
24796767
24674830
24578476
24823661
24746579
24769230
24828666
23656601
24441152
24857972
23636654
24576862
24461542
24607920
24866438
24850491
24105895
24715513
24886127
24144514
24595890
24373357
24443104
24698514
24824848
24790058
24226631
24631454
24414375
24861310
24651279
24833742
23151302
24793437
24462368
24731084
24807838
24464937
24799134
24563068
24494742
24810862
24289911
24005979
24803609
24832118
24793722
24858202
24838102
24906892
24166723
24842504
24793957
24842435
24759846
24694277
24879843
24595629
23831963
24882051
24583412
24769965
24844401
24219820
24828903
24346762
24808019
24811338
24799481
24569495
24679886
24794974
24816501
24296945
24232697
23739796
24320176
24366358
24722150
24890270
24647118
24894456
24846636
24654946
24770249
23870156
24723679
24770251
24875037
24801663
24767518
24663127
24831551
24832157
24566863
24697316
24688128
24893766
24418925
24674832
24785846
24876355
24876174
24877742
24881936
24821223
24474152
24532190
24692475
24798639
23599235
24598245
24588075
24012429
24857826
24819567
24768555
24638232
24532289
24721590
24837243
24770049
24776741
24867960
24309190
24810562
24661850
24846035
24549102
24854405
24886559
24833328
24711605
24673445
24637362
24417814
24849544
24737560
24858447
24677106
24876117
24770253
24081798
24853921
24445215
24332109
24801947
24690477
24770051
24791916
24806592
24679877
24626437
24570094
24853070
24739346
24853366
24795012
24306146
24676780
24509791
24853951
24802909
24835485
24769956
24631492
24867450
24844595
24799421
24458360
24736127
24876244
24862705
24698965
24737459
24811973
24770257
22897709
24286830
24115561
24906549
24599837
24075463
24863700
24095101
24859455
24686275
24787962
24680372
24876351
24368342
24889435
24952994
24115042
24722527
24365176
24872137
24875123
24525116
24824916
24879575
24628668
24820681
24488567
24850799
24645144
24507979
24531703
24785863
24625696
24884984
23964033
24829207
24928409
23606521
23860197
24513545
24273045
24657211
24406016
24824775
24694094
24462967
24866735
24841348
24642801
24850488
24679436
24385130
24825438
24434657
24786878
24814461
24769987
24249032
24833648
24554064
24302443
24806022
24821894
23849908
24743967
24789421
23567413
23442126
24879945
24718568
24678005
24585152
24821578
24675527
24670321
24838814
24680322
24700884
23656964
24848990
24332216
24818583
24825105
24652828
24566447
24825420
24813968
24770054
24489115
24894454
24675387
24857651
24305629
24713928
24770055
24793171
24970568
24738894
24756933
24413042
24666744
24569382
24832113
24842338
24974780
24878396
24623137
23289971
24963330
24825641
24868025
24857926
24652787
24902030
24814771
24619432
24787006
24510340
23897505
24816237
24862490
24940014
24746570
24770262
23407375
24603316
24467716
24937136
24811439
24881066
24875027
24785644
24888964
23301865
24770056
24013673
24686526
24385219
24925326
24621924
24692480
24495630
24393831
24688121
24770060
24667028
24589851
24787963
24512888
24836142
24853830
24681564
24585405
24786776
24816236
24388723
24225274
24658816
24375815
24742695
24637359
24452408
24792914
24805855
24781571
24815199
24785854
23671195
24840678
24328939
24874293
24536036
24770263
24522993
24582483
24578332
24879982
24745702
24666822
24850486
24711551
24151018
24875023
24458510
24503761
24442790
24716641
23423992
24749506
24461078
24770061
24704071
24770881
24758323
24863432
24578472
24576863
24855180
24720853
24867012
23732266
24831921
24492929
24705119
24680015
24687086
24508836
24785858
24880830
23993316
24770065
24770064
24398818
24637583
24879386
24661730
24795272
24592959
24694930
24771538
24535276
24885228
24614322
24603310
24886762
24560870
24842916
24730435
24769989
24452735
24336338
24679876
24864061
24440449
24725695
24836184
24805773
24836393
24478462
24604581
24607557
24559537
24625538
24610937
24810863
23891454
24806117
24651987
24149919
24925692
24849143
24468749
24815086
24590854
24817616
24831206
24463615
24704724
24604561
24809632
24285490
24797687
24821132
24872138
24829221
24821121
24678017
24895443
24711254
24531049
24505118
24858203
24846083
24855122
24463859
24786461
24627295
24802910
24570207
24865273
24851901
24370570
24577356
24821122
24831655
24846305
24777427
23811862
23520035
24247413
24811917
24480334
24886595
24852654
23856202
24378291
24837239
24560661
24891304
24867014
24953294
24107199
24812313
24478399
24662735
24770265
24817654
24794310
24770067
24135437
23278751
24863385
24748672
24842956
24895447
24828926
24861961
24666742
24770172
24517980
24904411
24302705
24380431
24805969
24812550
24367983
24829206
24570027
24675657
24861050
24532685
24804935
24305626
24535009
24548059
24809249
24412588
24393625
24852960
24876564
24808245
24874116
23932332
24879813
24815864
24238733
24414997
24839881
24080454
24848068
24502844
24794091
24786940
24831582
24811579
24680577
24835194
24908351
24784238
24814561
24933441
24855929
24801452
24887309
24814459
24115179
24532421
24851744
24790177
24770068
24867533
24323891
24631337
24576047
24852802
24813170
24692122
24885569
24792382
24877662
24688069
24798303
24861894
24845405
24558060
24730359
24435468
24582695
24815329
24807157
24641096
24711548
24845408
24732868
24373932
24770141
24770138
24856348
24815325
24861243
24337162
24806967
24828895
24842943
24733367
23471837
24881823
24811295
24975652
24661729
24549476
24891223
24891272
24820527
24838367
24717222
24786937
24802165
24291068
24595203
24776975
24731997
24922530
24579780
24838651
24906586
24802078
24917210
22936410
24886698
24907005
24508442
24812318
24750486
24356904
24285179
24651986
24806995
24680014
24906594
23671030
24849467
24104604
24793340
24533870
24770122
24788972
24412519
24496291
24415628
24842768
24937048
24403553
24832011
24737260
24937305
24845712
24723503
24288008
24799620
24662633
24740987
24723315
24857714
24464708
24835027
24844860
24675044
24842503
23727081
24841346
24722692
23673767
24389519
23960093
24831652
24793000
23606404
24263317
24816206
24770161
24641731
24807085
24812316
24797299
24413039
24307596
24532057
24709964
24401559
24475852
24692331
24856884
24562643
24627236
24840981
24792138
24285127
24492145
24727829
24832567
23567414
24791927
24830717
24726218
24745955
24770142
24814494
24623021
24886389
24495812
24722057
24833750
24840180
24550057
24484607
24846768
24814482
24861143
24847016
24535543
24654990
24120352
24012653
24605991
23365419
23955527
24389297
24643408
24842372
24864187
24844728
24957331
24751895
24816157
24335382
24520943
24862079
24262916
24423981
24850877
24096762
24226488
24885393
24705614
24382676
24871706
24810254
24817018
24638009
24574122
24879788
24525445
24436147
24673446
24751582
24517859
24825524
24842506
24589641
24770103
24859872
24865310
24555637
24799455
24638234
24642579
23881898
24770071
24717919
24613400
24574347
24807326
24578474
24560384
24696112
24769981
23846483
24122716
24833351
24412192
24853311
24875373
24973117
24886712
24122953
24557426
24815328
24865875
24805859
23587869
24706338
24723317
24882731
24045676
24949080
24825421
24852700
24268662
24806827
24854854
24929778
24607870
24563469
24967578
24723558
24345807
24589667
24557421
24635447
24503759
24820399
24770072
24832787
24878022
24769924
24769925
24802908
24746648
24929779
24876264
24407265
24405418
24655755
24155128
24832097
24675139
24830401
24799394
24314871
24854691
24836936
24816419
24882218
24785861
24725732
24096547
24878357
24835624
24799487
24793188
24521997
24812292
24494704
24311768
24262938
24760939
24796565
24887215
24952838
24835842
24939741
24475838
23975841
24801812
24704780
24619103
24621118
24859902
24887146
24548552
24607647
24485670
24708338
24355322
24769984
24821870
24614592
24879986
24857521
24882557
24862965
24406288
24864167
24574307
24652351
24372084
24372334
24633142
24475837
24813248
23606706
24583270
24519039
24921927
24862214
24770166
24353325
24342034
24951182
24856585
24867788
24752047
24813324
24813309
24784360
24287894
24786606
24796335
24906793
24798682
24708339
24879835
24566081
24789948
24824312
24206177
24633407
24799516
24496175
24603529
24976379
24563157
24736755
24886912
24265189
24861083
24771838
24771837
24768475
24879665
24622384
24817653
24771400
24378088
24661682
24212235
24771841
24255127
24667920
24530841
24770144
24770270
24827371
24447876
24435810
24153010
24513684
24293326
24727586
24463215
24212124
24731744
24170612
24394629
24597893
24472759
22998571
24828896
24027166
24657303
24560955
24842676
24362440
24699853
24770271
24569319
24370905
24473642
24525255
24417184
24833727
24786747
24786906
24798526
24842505
24881937
24676778
24495200
24798522
24239384
24687831
24338841
24686781
24127327
24410667
24798754
24665133
24100338
24882728
24862641
24127326
24842285
24828000
24447114
24096759
24885824
24807213
24889501
24807782
24844972
24781205
24711557
24141476
24794151
24875400
24795341
24789947
24835856
24562932
24828891
24771537
24224913
24703753
24566890
24866786
24569869
24827553
24661849
24815326
24439077
24682512
24860177
24389401
24839321
24411290
24755847
24280820
24663336
24836593
24816243
24415774
24368713
24631043
24821885
24806110
24967885
24535095
24627527
24885933
24460823
24880778
24879810
24841167
24816502
24836207
24746753
24805854
24797145
24825425
24565966
24517975
24866131
24815223
24845621
24819570
24794370
24844741
24819710
24637660
24796727
24700492
24662458
24491792
24777848
24852458
24456608
24680320
24827778
24336032
24770077
24560184
24809248
24297113
24582212
24614259
24742751
24880964
24684954
24463280
24838823
24867258
24267779
24677539
24675068
24635655
24623026
24534109
24803020
24853922
24393339
24879314
24849519
24922308
24242681
24795349
24834809
24770272
24633619
24642093
24641480
24357671
24446424
24507856
24865642
24503754
24300484
24362843
24315502
24355320
24848266
24585383
24922479
24623022
24801456
24842908
24470460
24838471
24838176
24431219
24517875
24813168
24613498
24043479
24610353
24693864
24818818
24866030
24814178
24440671
24518120
24759845
24486293
24793204
23999732
24698487
24789865
24513157
24746885
24819571
24481770
24122834
24431418
24406113
24533534
24518079
24880664
24589640
24070031
24770273
24844267
24808117
24522991
24812322
24335928
24789955
24811217
24144687
24566078
24907007
24815928
24815927
24793508
24686452
24095701
24642799
24646948
23413152
23999524
24605947
24798801
24719257
24594780
24604900
24797377
24448645
24745514
24833793
24401287
24887960
24809398
24829222
24524851
24770274
24154957
24658391
24811704
23992027
24568872
24836544
24886236
24876087
24631737
24599766
24657879
24787961
24148761
24866140
24861154
24762106
24781429
24821878
24800840
24562349
24703720
24615623
24878013
24705616
24813095
24700783
24844596
24674340
24832744
24726254
24461367
24843063
24651679
23897639
24745954
24342896
24051211
24589078
24452806
24752964
24557793
24618999
24957708
24668612
24738870
24435775
24907477
24770083
23440653
24471926
24954827
24812315
24849546
24583255
24770275
24928261
24577062
24764452
24210332
24867879
24849520
23706004
24832112
24518614
24685443
24583024
24482352
24552831
24712461
24803038
24830402
24574354
24861879
24876082
24518167
24473361
24770276
24565990
24870621
24637193
24720799
24268884
24854451
23760982
24566864
24859205
24893965
24550032
24805910
24879924
24398341
24854492
23179516
24857407
24411283
24392832
24648397
23596001
24835212
24770278
24807319
24482016
24748069
24647022
24469592
24473482
24043499
24833766
24399630
23806877
24831208
24684838
24879944
24848070
23723184
24974265
24619433
24661340
24583358
24561246
24876261
24790215
24770113
24935535
24850795
24885066
24548924
24355825
24832623
24858705
24685588
24249702
24864078
24630408
23787545
24556051
24873779
24794787
24155091
24770084
24819568
24435653
23720126
24127243
24833559
24799423
24676735
24531685
24481056
24870573
24954882
24398079
24788950
24794092
24569438
24722062
24861629
24632267
24770280
24618608
24839941
24550193
24508647
24880021
24791825
24374240
23849592
24656658
24798521
24330166
24807211
24801413
24872198
24284510
24338212
24952822
24637138
24872364
24441153
24717834
24908169
24637542
24525280
24665085
24801243
24859445
24549185
24797298
24977290
24854453
24817155
24929775
24821849
24505123
24657123
24698486
24811725
24690216
24760927
24839957
24402093
24574344
24760705
24843800
24844746
24591336
24847964
24795397
24115130
24262940
23413956
24829022
24769945
24820694
24835336
24295407
24576150
24472175
24851735
24821910
24784826
24651985
24583198
24796769
24622385
24557652
24803403
24433971
24154666
24682387
24857974
24859871
24837104
24813090
24699308
24954826
24687951
24787064
24837540
24886659
24604162
24585409
24632714
24662455
24821582
24680569
24652989
24565745
24612841
24842501
24447144
24770151
24290312
24557654
24859876
24770296
23009204
24836391
24488563
24582919
24807158
24969437
24796634
24843065
24770058
24737557
24291707
24726066
24520806
24906595
24697662
24785676
24770086
24867353
24485146
24863923
24446236
24143880
24633072
24656634
24555633
24548529
24792141
24867579
24338042
24748670
24852699
24550220
24442998
24400731
24392990
24821571
24874429
24685405
24453066
24556058
24785855
24651128
24795345
24832829
24842846
24485663
24583878
24879838
24279862
24743772
24869937
24806006
24825854
24216399
24875186
24832119
24725694
24796220
24300238
24808014
24385132
24316089
24428431
24815565
24561562
24413579
24779729
24865266
24394632
24495434
24918213
24862166
24557649
24854356
24769930
24828028
24844739
24442598
24708410
24479842
24770282
24578095
24583627
24886312
24777849
24872540
24865600
24561565
24211600
24560566
24670401
24836061
24745485
24592960
24865877
24824229
24388119
24398340
24837480
24315037
24821120
24696459
24700457
24798573
24368344
24001695
24485921
24843068
24824048
24486241
24673528
23463421
24121247
24462316
24871890
24810140
24878221
24567249
24793958
24875653
24723023
24150215
24557858
24657058
24767562
24795473
24785851
24807155
24865766
24738589
24657300
24770168
24016631
24662296
24583359
24291703
24731933
24679864
24758480
24675587
24929208
24697631
24850439
24613815
24548876
24828663
24462776
23732877
24890055
24618351
24480301
24475793
24746481
24525273
24876086
23289942
24933504
24916994
24576136
24854682
24865684
24837864
24211601
24930607
24703917
24385135
24347364
24879842
23661493
24548530
24035771
24484065
24667919
24411716
24866142
24326400
24495266
24676779
24819565
24793599
24630686
24877651
24846699
24813159
24435071
24310773
24892763
24468863
24114809
24807322
24855157
24635221
24355527
24705615
24746262
24548531
24650441
24828142
24647119
24676881
24812159
24887985
24811962
24525170
24378945
24530664
24412606
24770146
24848211
24770091
24799135
24014047
24584065
24886945
24525715
24845637
24815053
24885412
24513280
24842674
24655602
24816498
24886368
24977289
24796281
24280669
24464342
24832160
24846911
24832161
24720766
24549101
24517870
24879978
24558173
23982403
24557423
23761917
24974142
24803039
24730453
24576742
24921243
24811125
24836395
23881872
24585267
24582008
24583305
24794575
24368309
24879094
24790218
23982946
24807328
24866401
24227199
24700782
24394631
24631700
24658815
24802290
24752064
24511127
24491309
24581425
24484403
24675045
24815676
24802907
24824957
24610935
24947150
24875549
24845729
24812245
24824334
24811296
24650852
24123609
24472800
24586055
24096756
24841918
23716619
24928642
24807464
24276368
24802740
24668341
24714118
24517216
24739325
24786938
24628853
24725687
24311762
24812165
24874796
24981934
24812304
24548726
24561341
24828667
24520119
24889836
24837049
24863647
24458358
24879916
24607558
24856523
24729493
24339044
24872004
24706002
24850908
24796960
24634351
24357669
24562641
24622619
24366116
24630354
24429408
24798616
24585755
24714565
24659508
24647882
24913728
24657114
24872197
23979476
24552242
24803610
24589414
24507781
24560028
24614836
24738588
24769927
24769995
24518164
24535275
24789553
24781057
24784829
24614588
24857942
24725702
24631451
24784831
24612903
24882217
24422625
24093939
24508550
24878020
24793909
24831981
24786842
24263322
24849521
24824914
24442097
24837792
24821071
24885375
24585665
24468654
24840709
24812319
24491465
24276857
24691943
24869940
24679879
24610234
24862765
24846279
24815889
24705610
24929207
24655535
24519873
24002676
23968870
24940015
24789618
24804699
24484972
24326602
24513111
24925966
24321390
24861185
24512032
23502433
24799373
24806094
24821755
24657120
24685515
24876353
24884473
24749784
24619958
24038713
24558067
24636398
24613814
24797572
24512803
24578347
24467366
24563490
24809300
24680321
24423729
24704667
24855060
24435928
24867581
24648399
24002871
24806436
24787034
24651678
24711261
24481316
24480265
24521950
24497534
24472817
24556316
24867786
24254259
24910613
24495669
24582714
24801059
24752976
24845641
24865675
24794149
24604590
24770283
24703531
24793166
24338349
24814208
24862655
24331753
24769991
24549186
24378941
24848285
24884544
24038667
24833493
24814158
24731691
24668050
24378728
24856621
24833496
24791855
24886586
24643898
24840760
24633783
24638231
24561645
24522090
24699783
24700138
24179139
24578473
24879844
24751931
24849021
24114834
23974867
24770400
24824985
24817089
24717833
24793956
24412032
24667576
24745953
23982597
23992936
24746581
24370773
24642554
24706014
24681148
24574139
23778288
24581581
24618250
24812310
24953873
24326683
24866891
24127427
24577839
24475863
24819574
24211029
24509000
24855188
24569956
24726614
24770285
24824157
24566090
24799501
24733828
24879383
24852500
24447592
24842624
24813472
24560827
24582692
23605036
24847527
24367042
24713547
24862069
24687159
24201745
24530839
24799195
24815824
24614841
24337765
24809399
24884797
24612413
24510971
24632441
24829205
24811732
24691392
24743105
24835589
24720588
24532186
24561060
24336029
24879806
24853259
24569796
24663092
24375711
24415542
24450537
24722252
24866138
24709966
23834460
24812353
24770231
24793832
24844913
24786874
24556059
24770286
24840896
24869598
24485819
24706015
24814563
24785857
24794574
24473102
24463783
24814774
24770097
24368645
24531206
24481598
24246523
24473097
24323892
24449207
24821456
24816404
24841586
24876226
24589344
24475849
24732869
24711518
24886990
24851944
24886664
24748519
24508186
24674341
24770288
24722153
24530673
24554061
24210367
24686895
24532171
24799308
24802280
24661966
24877716
24797688
24522797
24786517
24457470
24656567
24700124
24839324
24698534
24153009
24615134
24924664
24833103
24566861
24554065
24424248
24752063
24702853
24855059
24499975
24698315
24463357
24875936
24495860
24613812
24503129
24878682
24317786
24000294
24259426
24496294
24735861
24560717
24844742
24814167
24806115
24674712
24508616
24901441
24901333
24378197
24583061
24451276
24789009
24041524
24529874
24699059
24876350
24850761
24002724
24842305
24837640
24867449
24888725
24480983
24833099
24632713
24235287
24473098
24841363
23661322
24475794
23856209
24830696
24424483
24582062
24096276
24595801
24184753
24532040
24710669
24656287
24817415
24792210
24700175
24588677
24421216
24768205
24332116
24633867
24254791
24813091
24886266
24833203
24584064
24668204
24431416
24170671
24561280
24388395
24641327
24766357
24812065
24531686
24357668
24457340
24108656
24679866
24856311
24840362
24592924
24254367
24652690
24519081
24097423
24357684
24835324
24552494
24293449
24794013
24486089
24610925
24813568
24828383
24963322
24798310
24582867
24840537
24468470
24685587
24844470
24709313
24837302
24770291
24746566
24883066
24833618
24837541
24915186
24705402
24691769
24449042
24792998
24798175
24861638
24846837
24849076
24574345
24798304
24797375
24722696
24879946
24857518
24474709
24636974
23671197
24886630
24840079
24680620
24686780
24861878
24836981
24310602
24842909
24801555
23817508
24385591
24552769
24151064
24686047
24327526
24065148
24797063
24850778
24578384
24637190
24287505
24457412
24664129
24105858
24810146
24885561
24753152
24845634
24755274
24792913
24681143
24598377
24559581
24268506
24820868
24770098
23625983
24648438
24777531
24648396
24815347
24796539
24117676
24769947
24486870
24861358
24836578
24878214
24380742
24186470

label_ft_included:
0
0
0
0
0
0
0
0
0
0
0
0
0
1
0
0
0
0
0
0
0
0
0
0
0
0
0
0
0
0
0
0
0
0
0
0
0
0
0
0
0
0
0
0
0
0
0
0
0
0
0
0
0
0
1
0
0
0
0
1
0
0
0
0
0
0
0
0
0
0
0
0
0
0
0
0
0
0
0
0
0
0
0
0
0
0
0
0
0
0
0
0
0
1
0
0
0
0
0
0
0
0
0
0
0
0
0
1
0
1
0
0
0
0
0
1
0
0
0
0
0
0
0
0
0
0
0
0
0
0
0
0
0
0
0
0
0
0
0
0
0
0
0
0
0
0
0
0
0
0
0
0
0
0
0
0
0
0
0
0
0
0
0
0
0
0
0
0
0
0
0
0
0
0
0
0
0
0
0
0
0
0
0
0
0
0
0
1
0
0
0
0
0
0
0
0
0
0
0
0
0
0
0
0
0
0
0
0
0
0
0
0
0
0
0
1
0
0
0
0
0
0
0
0
0
0
0
0
0
0
0
0
0
0
0
0
0
0
0
0
0
0
0
0
0
0
0
0
0
0
0
0
0
0
0
0
0
0
0
0
0
0
0
0
0
0
0
0
0
0
0
0
0
0
0
0
0
0
0
0
0
0
0
0
0
0
0
0
0
1
0
0
0
0
0
0
0
0
0
0
0
0
0
0
0
0
0
0
0
1
0
0
0
0
0
0
0
0
0
0
0
0
0
0
0
0
0
0
0
0
0
0
0
0
0
0
0
0
0
0
0
0
0
0
0
0
0
1
0
0
0
0
0
0
0
0
0
0
0
0
0
0
0
0
0
0
0
0
0
0
0
0
0
0
0
0
0
0
0
0
0
0
0
0
0
0
0
0
0
0
0
0
0
0
0
0
0
0
0
0
0
0
0
0
0
0
0
0
0
0
0
0
0
0
0
0
0
0
0
0
0
0
0
0
0
0
0
0
0
0
0
0
0
0
0
0
0
0
0
0
0
1
0
0
0
0
0
0
0
0
0
0
1
0
0
0
0
0
0
0
0
0
0
0
0
0
0
0
0
0
0
0
0
0
0
0
0
0
0
0
0
0
0
0
0
0
0
0
0
0
0
0
0
0
0
0
0
0
0
0
0
0
0
0
0
0
0
0
0
0
0
0
0
0
0
0
0
0
0
0
0
0
1
0
1
0
0
0
0
0
1
0
0
0
0
0
0
0
0
0
1
0
0
0
0
0
0
0
0
0
0
0
0
0
0
0
0
0
0
0
0
0
0
0
0
0
0
0
0
0
0
0
0
0
0
0
0
0
0
0
0
0
0
0
0
0
0
0
0
0
0
0
0
0
0
0
0
0
0
0
0
0
0
0
0
0
0
0
0
0
0
0
0
0
0
0
0
0
0
0
0
0
0
0
0
0
0
0
0
0
0
0
0
0
0
0
0
0
0
0
0
0
0
0
0
0
0
0
0
0
0
0
0
0
0
0
0
0
0
0
0
0
0
0
0
0
0
0
0
0
1
0
0
0
0
0
0
0
0
0
0
0
0
0
0
0
1
0
0
0
0
0
0
0
0
0
0
0
0
0
0
0
0
0
0
0
0
0
0
0
0
0
0
0
0
0
0
0
0
0
0
0
0
0
0
0
0
0
0
0
0
0
0
0
0
0
0
0
0
0
0
1
0
0
0
0
0
0
0
0
0
0
0
0
0
0
0
0
0
0
0
0
0
0
0
0
0
0
0
0
0
0
0
0
1
0
0
0
0
0
0
0
1
0
0
0
0
0
0
0
0
0
0
0
0
0
0
0
0
0
0
0
1
0
0
0
0
0
0
0
1
0
0
0
0
0
0
0
0
0
0
0
0
0
0
0
0
0
0
0
0
0
0
0
0
0
0
0
0
0
0
0
0
0
0
0
0
0
0
0
0
0
1
0
0
0
0
0
0
0
0
0
0
0
0
0
1
0
0
1
0
0
0
0
0
0
0
0
0
0
0
0
0
0
0
0
0
0
1
0
0
0
0
0
0
0
0
0
0
0
0
0
0
0
0
0
0
0
0
0
1
0
0
0
0
0
0
1
0
0
0
0
0
0
0
0
0
0
0
0
1
0
0
0
0
0
0
0
0
0
0
1
0
0
0
0
0
0
1
0
0
0
0
0
0
0
0
0
0
0
0
0
0
0
0
0
0
0
0
0
0
0
0
1
0
0
0
0
0
0
0
0
0
0
0
0
0
0
0
0
0
0
0
0
0
0
0
0
0
0
0
0
0
0
0
0
0
0
0
0
0
0
0
0
0
0
0
0
0
0
0
0
0
0
0
0
0
0
0
0
0
0
0
0
0
1
0
0
0
0
0
0
0
0
0
0
0
0
0
0
0
0
0
0
0
0
0
0
1
0
0
0
0
0
0
1
1
0
0
0
0
0
0
1
0
0
0
0
0
0
0
0
0
0
0
0
0
0
0
0
0
0
0
0
0
0
0
0
0
0
0
0
0
0
0
0
0
0
0
0
0
0
0
0
0
0
0
1
0
0
0
0
0
1
0
0
0
0
0
0
0
0
0
0
0
0
0
0
0
0
0
0
0
0
0
0
0
0
0
0
0
0
0
0
0
0
0
0
0
0
0
0
0
0
0
0
0
0
0
0
0
0
0
0
0
0
0
0
0
0
0
0
0
0
0
0
0
0
0
0
0
0
0
0
0
0
0
0
0
0
0
0
0
0
0
0
0
0
0
0
0
0
0
0
0
1
0
0
0
0
0
0
0
0
0
0
0
0
0
0
0
0
0
0
0
0
0
0
0
0
0
0
0
0
0
0
0
0
0
0
0
0
0
0
0
0
0
0
0
0
0
0
0
0
0
0
0
0
0
1
0
0
0
0
0
0
0
0
0
0
0
0
0
0
0
0
0
0
0
0
0
0
0
0
1
0
0
0
0
0
0
0
0
0
0
0
0
0
0
0
0
0
0
0
0
0
0
0
0
0
0
0
0
0
0
0
0
0
0
0
0
0
0
0
0
0
0
0
0
0
0
0
0
0
0
0
0
0
0
0
0
0
0
0
0
0
0
0
0
0
0
0
1
0
0
0
0
0
0
0
0
0
0
0
0
1
0
0
0
0
0
0
0
0
0
0
0
0
0
0
0
0
0
0
0
0
0
0
0
0
0
0
0
0
0
0
0
0
0
0
0
0
0
0
0
0
0
0
0
0
0
0
0
0
0
0
0
0
0
0
0
0
0
0
0
0
0
1
0
0
0
0
0
0
0
0
0
0
0
0
0
0
0
0
0
0
0
0
0
0
1
0
0
0
0
1
0
0
0
0
0
0
0
0
0
0
0
0
0
0
0
0
0
0
0
0
0
0
0
0
0
0
0
0
0
0
0
0
0
0
0
0
0
0
0
0
0
0
0
0
0
0
0
0
0
0
0
0
0
0
0
0
0
0
0
0
0
0
0
0
0
0
0
0
0
0
0
0
0
0
0
0
0
0
0
0
0
0
0
0
0
0
0
0
0
0
0
0
0
0
0
0
0
0
0
0
0
0
0
0
0
0
0
0
0
0
0
0
0
0
0
0
0
0
0
0
0
0
1
0
0
0
0
0
0
0
0
0
0
0
0
0
0
0
0
0
0
0
0
0
0
0
0
0
0
0
1
0
0
0
0
0
0
0
0
0
0
0
0
0
0
0
0
0
0
0
0
0
0
0
0
0
0
0
0
0
0
0
0
0
0
1
0
0
0
0
0
0
0
0
0
1
0
0
0
0
0
0
0
0
0
0
0
0
0
0
0
0
0
0
0
0
0
0
0
0
0
0
0
0
0
0
0
0
0
0
0
0
0
0
0
0
0
0
0
0
0
0
0
0
0
0
0
0
0
0
0
0
0
0
0
0
0
0
0
0
0
0
0
0
0
0
0
0
0
0
0
0
0
0
0
0
0
0
0
0
0
0
0
0
0
0
0
0
0
0
0
0
0
0
0
0
0
0
0
0
0
0
0
0
0
0
0
0
0
0
0
0
0
1
0
0
0
0
0
0
0
0
0
0
0
1
0
0
0
0
0
0
0
0
0
0
0
0
0
0
0
0
0
0
0
0
0
0
0
0
0
0
0
0
0
0
0
0
1
0
0
0
0
0
0
0
0
0
0
0
0
0
0
0
0
0
0
0
0
0
0
0
0
0
0
0
0
0
0
0
0
0
0
0
0
1
0
0
0
0
0
0
1
0
1
0
0
0
0
0
0
0
0
0
0
0
0
0
0
0
0
0
0
0
0
0
0
0
0
0
0
0
0
0
0
0
1
0
0
0
0
0
0
0
0
0
0
0
0
0
0
0
0
0
0
0
0
0
0
0
0
0
0
0
0
0
0
0
0
0
0
0
0
0
0
0
0
0
0
0
0
0
0
0
0
0
0
0
0
0
0
0
0
0
0
0
0
0
0
0
0
0
0
0
0
0
0
0
0
0
0
0
0
0
0
0
0
0
0
0
0
0
0
0
0
0
0
0
0
0
0
0
0
0
0
1
0
0
0
0
0
0
0
0
0
0
0
0
0
0
0
0
0
0
0
0
0
0
0
0
0
0
0
0
0
0
0
0
0
0
0
0
0
0
0
0
0
0
0
0
0
0
0
0
0
0
0
0
0
0
0
0
0
0
0
0
0
0
0
0
0
0
0
0
0
0
0
0
0
0
0
0
0
0
0
0
0
0
0
0
0
0
0
0
0
0
0
0
0
0
0
0
0
0
0
0
0
0
0
0
0
0
1
0
0
0
1
0
0
0
0
0
0
1
0
0
0
0
0
0
0
0
0
0
0
0
0
0
0
0
0
0
0
0
0
0
0
0
0
0
0
0
0
0
0
0
0
0
0
0
0
0
0
0
0
0
0
0
0
0
0
0
0
0
0
0
1
0
0
0
0
0
0
0
0
0
0
0
0
0
0
0
0
0
0
0
0
0
0
0
0
0
0
0
0
0
0
0
0
0
0
0
0
0
0
0
0
0
0
0
0
0
0
0
0
1
1
0
0
0
0
0
0
0
0
0
0
0
0
0
0
0
0
0
0
0
0
0
0
0
0
0
0
0
0
0
0
0
0
0
0
0
0
0
0
0
0
0
0
0
0
0
0
0
0
0
0
0
0
0
0
0
0
0
0
0
0
0
0
0
0
0
0
0
0
0
0
0
0
0
0
0
0
0
0
0
0
0
0
0
0
0
0
0
0
0
0
0
0
0
0
0
0
0
0
0
0
0
0
0
0
0
0
0
0
1
0
0
0
0
0
0
0
0
0
0
0
0
1
0
0
0
0
0
0
0
0
0
0
0
0
0
0
0
0
0
0
0
0
0
0
0
0
0
0
0
0
0
0
0
0
0
1
0
0
0
0
0
0
0
0
0
0
0
0
0
0
0
0
0
0
0
0
0
0
0
0
0
0
0
0
0
0
0
0
0
0
0
0
0
0
0
0
0
0
0
0
0
0
0
0
0
0
0
0
0
0
0
0
1
0
0
0
0
0
0
0
0
0
0
0
0
0
0
0
0
0
0
0
0
0
0
0
0
0
0
0
0
0
0
0
0
0
0
0
0
0
0
0
0
1
0
0
0
0
0
0
0
0
0
0
1
0
0
0
0
0
0
0
0
0
0
0
0
0
0
0
0
0
0
0
0
0
0
0
0
0
0
0
0
0
0
0
0
0
0
0
0
0
0
0
0
0
0
0
0
0
0
0
0
0
0
1
0
1
0
0
0
0
0
0
0
0
0
0
0
0
0
0
0
0
0
0
0
0
0
1
0
0
0
0
0
0
0
0
0
0
0
0
0
0
0
0
0
0
0
0
0
0
0
1
0
0
0
0
0
0
0
0
0
0
0
0
0
0
0
0
0
0
0
0
0
0
0
0
0
0
0
0
0
0
0
0
0
0
0
0
0
0
0
0
0
0
0
0
0
0
0
0
0
0
0
0
0
0
0
0
0
0
0
0
0
0
0
0
0
0
0
0
0
0
0
0
0
0
0
0
0
0
0
0
0
0
0
0
0
0
0
0
0
0
0
0
0
0
0
1
0
0
0
0
0
0
0
0
0
0
0
0
0
0
0
0
0
0
0
0
0
0
0
0
0
0
0
0
0
0
0
0
0
0
1
0
0
0
0
0
0
0
0
0
0
1
0
0
0
0
0
1
0
0
0
0
0
0
0
0
0
0
0
0
0
0
0
0
0
0
0
0
1
0
0
0
0
0
0
0
0
0
0
0
0
0
0
0
0
0
0
0
0
0
0
0
0
0
0
0
0
0
0
0
0
0
0
0
0
0
0
0
0
0
0
0
0
0
0
0
0
0
0
0
0
0
0
0
0
0
0
0
0
0
0
0
0
1
0
0
0
0
0
0
0
0
0
0
0
0
0
0
0
0
0
0
0
0
0
0
0
0
0
0
0
0
0
0
0
0
0
0
0
0
1
0
0
0
0
0
0
0
0
0
0
0
0
0
0
0
0
0
0
0
0
0
0
0
0
0
1
0
0
0
0
0
0
0
0
0
0
0
0
0
0
0
0
0
0
0
0
0
0
0
0
0
0
0
0
0
0
0
0
1
0
0
0
0
0
0
0
0
0
0
0
0
0
0
0
0
0
0
0
0
0
0
0
0
0
0
0
0
0
0
0
0
0
1
0
0
0
0
0
0
0
0
0
0
0
0
0
0
0
0
0
1
0
0
0
0
0
0
0
0
0
0
0
0
0
0
0
0
0
0
0
0
0
0
0
0
0
0
0
0
0
0
0
0
0
0
0
0
0
0
0
0
0
0
0
0
0
0
1
0
0
0
0
0
0
0
0
0
0
0
1
0
0
0
0
0
0
0
0
0
0
0
0
1
0
0
0
0
0
0
0
0
0
0
0
0
0
1
0
0
0
0
0
0
0
0
0
0
0
0
0
0
0
0
0
0
0
0
0
1
0
0
0
0
0
0
0
0
0
0
0
0
0
0
0
0
0
0
0
0
0
0
0
0
0
0
0
0
1
0
0
1
0
1
0
0
0
0
0
0
0
0
0
0
0
0
0
0
0
0
0
0
0
0
0
0
0
0
0
0
0
0
0
0
0
0
0
0
0
0
0
0
0
0
0
0
0
0
0
0
0
0
0
0
0
0
0
0
0
0
0
0
0
0
0
0
0
0
0
0
0
0
0
0
0
0
0
0
0
0
0
0
0
0
0
0
0
0
0
0
0
0
0
0
0
0
0
0
0
0
0
0
0
0
0
0
0
0
0
0
0
0
0
0
0
1
0
0
0
0
0
0
0
0
0
0
0
0
0
0
0
0
0
0
0
0
0
0
0
0
0
0
0
0
0
0
0
0
0
0
0
0
0
0
0
0
0
0
0
0
0
0
0
0
0
0
0
0
0
0
0
0
0
0
0
0
0
0
0
0
0
0
0
0
0
0
0
0
0
0
0
0
0
0
0
0
0
0
0
0
0
0
0
0
0
0
0
0
1
0
0
0
0
0
0
1
0
0
0
0
0
0
0
0
0
0
0
0
0
0
0
0
0
0
0
0
0
0
0
0
0
0
0
0
0
0
0
0
0
0
0
0
0
0
0
0
0
0
0
0
0
0
0
0
0
0
0
0
0
0
0
0
0
0
0
0
0
0
0
0
0
0
0
0
0
0
0
0
0
0
0
0
0
0
0
0
0
0
0
1
0
0
0
0
0
0
0
0
0
0
0
0
0
0
1
0
0
0
0
0
0
0
0
0
0
0
0
0
0
0
0
0
0
0
0
0
0
0
0
0
0
0
0
0
0
0
0
0
0
0
0
0
0
0
0
1
0
0
0
0
0
0
0
0
0
0
0
0
0
0
0
0
0
0
0
0
0
0
1
0
1
0
0
0
0
0
0
0
0
0
0
0
0
0
0
0
0
0
0
0
0
1
0
0
0
0
0
0
0
0
0
0
0
0
0
0
0
0
0
0
0
0
0
0
0
0
0
0
0
0
0
0
0
0
0
0
0
0
0
0
0
0
0
0
0
0
1
0
0
0
0
0
1
0
0
0
0
0
0
0
0
0
0
0
0
0
0
0
1
0
0
0
0
0
0
0
0
0
0
0
0
0
0
0
0
0
0
0
0
0
0
0
0
0
0
0
0
0
0
0
0
0
0
0
0
0
0
0
0
0
0
0
0
0
0
0
0
0
0
0
0
0
0
1
0
0
0
0
0
0
0
0
0
0
0
0
0
0
0
0
0
0
0
0
0
0
0
0
0
0
0
0
0
0
0
0
0
0
0
0
0
0
0
1
0
0
0
0
0
0
0
0
0
0
0
0
0
0
0
0
0
0
0
0
0
0
0
0
1
0
0
0
0
0
0
0
0
0
0
0
0
0
0
0
0
0
0
0
0
0
0
0
0
0
0
0
0
0
0
0
0
0
0
0
0
0
1
0
0
0
0
0
0
0
0
0
0
0
0
1
0
0
1
0
0
0
0
0
0
0
0
0
0
0
0
0
1
0
1
1
0
0
0
0
0
0
0
0
0
0
0
0
0
0
0
0
0
0
0
0
0
0
0
0
0
0
0
0
0
0
0
0
0
0
0
0
0
0
0
0
0
0
0
0
0
0
0
0
0
0
0
0
0
0
0
0
0
0
0
0
0
0
0
1
0
0
0
0
0
0
0
0
0
0
0
0
0
0
0
0
0
0
0
0
0
0
0
0
0
0
0
0
0
0
0
0
0
0
0
0
0
1
0
0
0
0
0
0
0
0
0
0
0
0
0
0
0
0
0
0
0
0
0
0
0
0
0
0
0
0
0
0
0
0
0
0
0
0
0
0
0
0
0
0
0
0
0
0
0
0
0
0
0
0
0
0
0
0
0
0
0
0
0
0
0
0
0
0
0
0
0
0
0
0
0
0
0
0
0
0
0
0
0
0
0
0
0
0
0
0
0
1
0
0
0
0
0
0
0
0
0
0
0
0
0
0
0
0
0
0
0
0
0
0
0
0
0
0
0
0
1
0
0
0
0
1
0
0
0
0
0
0
0
0
0
0
0
0
0
0
0
0
0
0
0
0
0
0
0
0
0
0
0
0
0
0
0
0
0
0
0
0
1
0
0
0
0
0
0
0
0
0
0
0
0
0
0
0
0
0
0
0
0
0
0
0
0
0
0
0
0
0
0
0
0
0
0
0
0
0
1
0
0
0
0
0
0
0
0
0
0
0
0
0
0
0
0
0
0
0
0
0
0
0
0
0
0
0
0
0
0
0
0
0
0
0
0
0
0
0
0
0
1
0
0
0
0
0
0
0
0
0
0
0
0
0
0
0
0
0
1
0
0
0
0
0
0
0
0
0
0
0
0
0
0
0
0
0
0
0
0
0
0
0
0
0
0
0
0
0
0
0
0
0
0
1
0
0
0
0
0
0
0
0
0
0
0
0
0
0
0
0
0
0
1
0
0
0
0
0
0
0
0
0
0
0
0
0
0
0
0
0
0
0
0
0
0
0
0
0
0
0
0
0
0
0
0
0
0
0
0
0
0
0
0
0
0
0
0
0
0
1
0
1
0
0
0
0
0
0
0
0
0
0
0
0
0
0
0
0
0
0
0
0
0
0
0
0
0
0
0
0
1
0
0
0
0
0
0
0
0
0
0
0
0
0
0
0
0
0
0
0
0
0
0
0
0
0
0
0
0
0
0
0
0
0
0
0
0
0
0
0
0
0
0
0
0
0
0
0
0
0
0
0
0
0
0
0
1
0
0
0
0
0
0
0
0
0
0
0
0
0
1
0
0
0
0
0
0
0
0
0
0
1
0
0
0
0
0
0
0
0
0
0
0
0
0
0
0
0
0
0
0
0
0
0
0
0
1
0
0
0
0
0
0
0
0
0
0
0
0
0
0
0
0
0
0
0
0
0
0
0
0
0
1
0
0
0
0
0
0
0
0
0
0
0
0
0
0
0
0
0
0
0
0
0
0
0
0
0
0
0
0
0
0
0
0
0
0
0
0
0
0
0
0
0
0
0
0
0
0
0
0
0
0
0
0
0
0
0
0
1
0
0
0
0
0
0
0
0
0
0
0
0
0
0
0
0
0
0
0
0
0
0
0
0
0
0
0
0
0
0
0
0
0
0
0
0
0
0
0
0
0
0
0
0
0
0
0
0
0
0
0
0
0
0
0
0
0
0
1
0
0
0
0
0
0
0
0
0
0
0
0
0
0
0
0
0
0
0
0
0
0
0
0
0
0
0
0
0
0
0
0
1
0
0
0
0
0
0
0
0
0
0
0
0
0
0
0
0
0
0
0
0
0
0
0
0
0
0
0
0
0
0
0
0
0
0
0
1
0
0
0
0
0
0
0
0
0
0
0
0
0
0
0
0
0
0
0
0
0
0
0
0
0
0
0
0
0
0
0
0
0
0
0
0
0
0
0
0
0
0
0
0
0
0
0
0
0
0
0
0
0
0
0
0
0
0
0
0
0
0
0
0
0
0
0
0
0
0
0
0
0
0
0
0
0
0
0
0
0
0
0
0
0
0
0
0
0
0
0
0
0
0
0
0
0
0
0
0
0
0
0
0
0
0
0
0
0
0
0
0
0
0
0
0
0
0
0
0
0
0
0
0
0
0
0
0
0
0
0
0
0
0
0
0
0
0
0
1
0
0
0
0
0
0
0
0
0
0
0
0
0
0
0
0
0
0
0
0
0
0
0
0
0
0
0
0
0
0
0
0
0
0
0
0
0
0
0
0
0
0
0
0
0
0
0
0
0
0
0
0
0
0
0
0
0
0
1
0
0
0
0
0
0
1
0
0
1
0
1
0
0
0
0
0
0
0
0
0
0
0
0
0
0
0
0
0
0
0
0
0
0
0
0
0
0
0
0
0
0
0
0
0
0
0
0
0
0
0
0
0
0
0
0
0
0
0
0
0
0
0
0
0
0
0
0
0
0
0
0
0
0
0
0
1
0
0
0
0
0
0
0
0
0
0
0
0
0
0
0
0
0
0
